133
0.006637170610348117
0.006690934006603123
0.007269898872930378
0.009884605854780987
0.014143931757714306
0.018604860234981632
0.023332818075911060
0.028403788716163836
0.033897195513197698
0.037627576599301799
0.038493593136814969
0.038574815744943647
0.038656147973094107
0.039536398443607151
0.043622625585555713
0.050679090409856298
0.058574505685885236
0.067469576766829853
0.077562218453839704
0.089074778906234442
0.097191360584623188
0.099109590447746143
0.099289967321259720
0.099470678604093421
0.101434035523677413
0.110702142439586426
0.127298311566879541
0.146436350365453438
0.168774415044234294
0.194884174854698333
0.225517407511961254
0.247549605494988834
0.252799493442973144
0.253294158901297584
0.253789849703722092
0.259184470110437326
0.284865758958769311
0.331322398110712735
0.386015095289865107
0.450164378482121208
0.524878281267635138
0.610354672249589392
0.669197495844775059
0.682750729375035004
0.684014617001386327
0.685279442897687829
0.698911911777134964
0.760274943988252350
0.851205506587298988
0.922986017703189887
0.970674169837249856
0.994068208490907601
0.991801046904040362
0.975712489836997321
0.970426013434575019
0.969900404265840343
0.969368867075548479
0.963296268353179386
0.927495634531017465
0.839153721565296884
0.710762944186683399
0.548637612594736090
0.362879733929905690
0.162839563059983483
0.032939069752605299
0.003735524951953728
0.001018325014866761
-0.001698914604107316
-0.030905718034530238
-0.160743357868149417
-0.360867224833043565
-0.546625023782588926
-0.708807221086264150
-0.837302811434399885
-0.925627614535948773
-0.961490722779800855
-0.967606238605090319
-0.968140706105742765
-0.968669390217563375
-0.973991760223121616
-0.990026799167270433
-0.992371459248079901
-0.969086855324824192
-0.921526828176627788
-0.849982351030621253
-0.759241370877619115
-0.698091565550397863
-0.684462656643676670
-0.683209161444856772
-0.681955713691710486
-0.668440496861549160
-0.609691579003914796
-0.524296705351779302
-0.449681663966045697
-0.385645849265420004
-0.330979724791012453
-0.284554182955969015
-0.258918455728714747
-0.253529640184167127
-0.253034511944044471
-0.252540474582146679
-0.247302374960715277
-0.225291522208508788
-0.194694221251583310
-0.168693454897386519
-0.146289862444088925
-0.127114237346373060
-0.110594938953590738
-0.101332127870348898
-0.099371414924311230
-0.099191089732569238
-0.099011103040544779
-0.097096566827707620
-0.088986501503967474
-0.077485327119993674
-0.067406153135019797
-0.058519301130625312
-0.050633573750245103
-0.043583425197378844
-0.039497824051100833
-0.038619939208180298
-0.038538875649975435
-0.038457917814234632
-0.037593994241520545
-0.033863969016272144
-0.028374718386313447
-0.023311333700395509
-0.018588620976514050
-0.014132026119201488
-0.009876117017442711
-0.007263805280781271
-0.006685256242063918
-0.006631535632687494
