133
0.006633729952682681
0.006687473337427245
0.007266305047225662
0.009879619945208015
0.014137347747332371
0.018595281498037727
0.023320927444728690
0.028388229478066324
0.033877564294593904
0.037605938819989082
0.038470984522138485
0.038551984986475274
0.038633081721042462
0.039512046793509142
0.043599638527373114
0.050648376118370197
0.058539792967958082
0.067425499535543054
0.077507595084568948
0.089010675616520429
0.097125923113605406
0.099042285963613919
0.099222431497379471
0.099402903336517967
0.101363606168808074
0.110624120997100062
0.127166857693850610
0.146314553186319918
0.168649581933721482
0.194742027551638275
0.225350957930209761
0.247378069280730806
0.252628221979831036
0.253123749137217136
0.253620364392768805
0.259029444144568854
0.284696211193695703
0.331179254541799306
0.385931703835355799
0.450302593944755802
0.525101004788974812
0.610954725219171824
0.670085249267432737
0.683693837214670808
0.684965188561565963
0.686237464666879404
0.699967520085334360
0.761471514563016871
0.852421659967402157
0.924036110520509268
0.971534382386525230
0.994709676593419800
0.992184791207678884
0.975855917146815521
0.970496576292875446
0.969964713545592438
0.969427118925635156
0.963287587846307858
0.927080897487798872
0.838459966111502197
0.710258956971744126
0.548061000561107292
0.362831460487210045
0.162846205271304889
0.032938697083135793
0.003732698532258993
0.001015447165999994
-0.001701834028441596
-0.030908633768366833
-0.160825810409811254
-0.360836549269583529
-0.546473035268705942
-0.708198553914592743
-0.836628007198917167
-0.925358106678402237
-0.961541532421056111
-0.967710257278824315
-0.968249318659027303
-0.968782532115445960
-0.974149815244689243
-0.990447350570245355
-0.993015948653128255
-0.969951183030083541
-0.922590732001824065
-0.851236312282425800
-0.760398157127518459
-0.699114510395399957
-0.685440076426647948
-0.684168623838572465
-0.682897149263491432
-0.669283265624930124
-0.610250938322675740
-0.524501433686879626
-0.449702441373355910
-0.385548925488225835
-0.330825112803730281
-0.284404312925839564
-0.258807866186667290
-0.253407800357191570
-0.252911963853365007
-0.252417216136208600
-0.247168318944157139
-0.225132291702849763
-0.194554971187743675
-0.168482108325356483
-0.146169693045622995
-0.127020036252610047
-0.110512446814875487
-0.101259350746332466
-0.099300095165191393
-0.099119874445171008
-0.098940000907732861
-0.097026876136505846
-0.088923181062035062
-0.077435282261267446
-0.067373611626792618
-0.058486420829009622
-0.050601534869524872
-0.043558001652647393
-0.039476203871377374
-0.038597225965807502
-0.038516086112713288
-0.038435051814226212
-0.037570537514545393
-0.033845821301427825
-0.028359156045376727
-0.023298573962554206
-0.018578822567452191
-0.014125078308970404
-0.009871082271986298
-0.007260040111715479
-0.006681809090167787
-0.006628119302536345
