133
0.006617095332604371
0.006670694060566938
0.007247860537569512
0.009854194408000332
0.014100785307349789
0.018545903693897942
0.023258358264836840
0.028309840830283262
0.033783522186806747
0.037498634387141461
0.038361071684471421
0.038441862931175186
0.038522757105430849
0.039399045913572600
0.043470424683116182
0.050497482018613704
0.058356857160130615
0.067211055578713652
0.077247096973700025
0.088705170492635488
0.096782019165139399
0.098691000738512613
0.098870404701344394
0.099050131957239884
0.101001350401771106
0.110215890762620505
0.126665781307459868
0.145746609250811621
0.167953149659249235
0.193942434340301562
0.224394489723260149
0.246314031952100887
0.251537045813989169
0.252029150295095317
0.252522326881682968
0.257895226520757470
0.283451395526689742
0.329755479056683232
0.384314296327985083
0.448472906128381199
0.523468534179562184
0.609853456046897335
0.669784196260353237
0.683661296113907024
0.684957810953418011
0.686255252261170678
0.700216300704752381
0.763412863054515611
0.857280694871798588
0.929063221107385040
0.976206445538642775
0.999363973625443158
0.997269400738042044
0.981257763847882991
0.975962277135145051
0.975436816686812591
0.974905650221165487
0.968831123669193772
0.933006934116716202
0.844379697126252715
0.715138920047612814
0.551990486029190208
0.365068868554066839
0.163827464153773583
0.033133679814730144
0.003742738021455416
0.001008231166499840
-0.001726278261200420
-0.031118034320956944
-0.161786283069483616
-0.363075149952337917
-0.550132751890634708
-0.713451150121056088
-0.842576731445044302
-0.931165085365686096
-0.967040295328899902
-0.973105687697799482
-0.973635503703488503
-0.974159544966447299
-0.979434102140488427
-0.995409534821175335
-0.997665516785368744
-0.974599792300722356
-0.927585210828716811
-0.856016155732516104
-0.762338460606423851
-0.699288721461182483
-0.685332832652965518
-0.684039807311072501
-0.682747645915035228
-0.668871488831362271
-0.609106728510396156
-0.522862516465032456
-0.447970807520738479
-0.383895131598938955
-0.329410395709975656
-0.283164300299480809
-0.257629272365046402
-0.252267568151860910
-0.251775163288450621
-0.251283794823129902
-0.246066738632474413
-0.224174565700324013
-0.193750148974208281
-0.167799434655365176
-0.145597408262662875
-0.126541546087604151
-0.110113591812171840
-0.100904486666610449
-0.098954576353813217
-0.098775168380307643
-0.098596021509970933
-0.096690505735378574
-0.088617975578766550
-0.077178267592758032
-0.067147570892987229
-0.058303154388069878
-0.050450648504434648
-0.043429886256914685
-0.039362917921753005
-0.038487376088581271
-0.038406425711097397
-0.038325580960616112
-0.037463265016672187
-0.033750527690153853
-0.028281997352923638
-0.023236674418458392
-0.018529613928191455
-0.014089073493642454
-0.009846120745284438
-0.007241828613031166
-0.006665062919025612
-0.006611507185294539
