133
0.006634732620531110
0.006688473965632692
0.007267240714739505
0.009881281295927830
0.014137965920957452
0.018598449815949242
0.023324461824026838
0.028393227206993277
0.033885764232006843
0.037614689079261882
0.038479831765754702
0.038560944104674422
0.038642163459126438
0.039522027483319816
0.043607776323436293
0.050660239406329188
0.058550016291559315
0.067439494648677101
0.077528682003536797
0.089033832162618953
0.097144232953828291
0.099059725079238214
0.099239802430209634
0.099420212383641404
0.101380954672724066
0.110642087055444760
0.127200321276840667
0.146350069501144819
0.168708683822740513
0.194783288197395210
0.225387796823286690
0.247404104447956463
0.252653694844477750
0.253148235950723333
0.253643842440466782
0.259039426732479816
0.284725028362711630
0.331142269866471883
0.385851217352190190
0.449997887376071937
0.524749287758517369
0.610323351297105354
0.669260464259613386
0.682841023537659630
0.684109261219580933
0.685378486506919682
0.699055000815351768
0.760480317328889210
0.851537086353208572
0.923341812340499501
0.971072965635954688
0.994458797539706119
0.992239580198755355
0.976120038271614199
0.970819786974018051
0.970295600037646366
0.969767187143260934
0.963705124268333435
0.927825484060216255
0.839407923231814124
0.711011272340590139
0.548890714900178267
0.363012918535823736
0.162932107683963601
0.033004899122133224
0.003803828322134883
0.001085805576435561
-0.001632275505851766
-0.030849732743003067
-0.160814653527369344
-0.360968572780302033
-0.546788430256110125
-0.708947547354457974
-0.837593513918767130
-0.926001629926226144
-0.961910738273640042
-0.968024193747121231
-0.968559071196145815
-0.969088813074326261
-0.974417170467339666
-0.990422926435042150
-0.992784078831452810
-0.969486676284599724
-0.921899566106883839
-0.850282941356600652
-0.759404665696907344
-0.698149271504917568
-0.684505643088364035
-0.683240917038566486
-0.681977069721293017
-0.668471436159085552
-0.609625076289473711
-0.524181713154889373
-0.449540580080483032
-0.385448666550597618
-0.330803950072512176
-0.284454720370906688
-0.258792688922618197
-0.253406167374280233
-0.252912060076358358
-0.252419051113209836
-0.247184150026929172
-0.225186854011724336
-0.194604238315047140
-0.168525099648270560
-0.146228943588072702
-0.127055870173873653
-0.110545458038205591
-0.101291848517954641
-0.099331311836184988
-0.099150966805841123
-0.098970963486531560
-0.097057221108377167
-0.088948648313418754
-0.077451235024841303
-0.067374413877183126
-0.058495889872149154
-0.050615508220224203
-0.043566707820118150
-0.039481975211831138
-0.038604069788760575
-0.038523278677010886
-0.038442592565604838
-0.037581079307883791
-0.033852605841759031
-0.028364567006026964
-0.023303543556586440
-0.018591801673674524
-0.014127739229472941
-0.009873084561688700
-0.007261442511208367
-0.006683199072239729
-0.006629500816710113
