133
0.006616363287101246
0.006669957235273263
0.007247195198447021
0.009853379759840269
0.014099040951493530
0.018543858809792077
0.023255841501072655
0.028306553100832715
0.033780532051558398
0.037494681455358808
0.038356647430895396
0.038437416980939859
0.038518296884052450
0.039394662944848002
0.043464790525746227
0.050490776996147207
0.058348962731335829
0.067201890996843872
0.077236327129413418
0.088691879106107430
0.096759566795298346
0.098663363709826757
0.098842900515794363
0.099022796772707977
0.100978728118707173
0.110196406582671158
0.126542217243750255
0.145708925444098414
0.167907421281139224
0.193863655153332815
0.224274152142249328
0.246172683979955842
0.251382189107705267
0.251872781670497536
0.252364413344281502
0.257716412258141458
0.283202789492455365
0.329390847390606645
0.383733111184735520
0.447556064838026568
0.522006158246435703
0.607709846068567483
0.667214970162334442
0.681015839611624596
0.682304841843085708
0.683594750331157908
0.697526910960273305
0.760772195289385778
0.855657993098612124
0.928339871060787303
0.976100458815723826
0.999932714782524101
0.998716073664776438
0.983622485198646146
0.978534034888092208
0.978031514454460016
0.977523157144541521
0.971695185975230302
0.937103865999380226
0.849729553985937969
0.719430546902600554
0.554524821437094140
0.366381052158171627
0.164303314401813338
0.033254536627511655
0.003784854752757916
0.001043011379850967
-0.001698666753364719
-0.031169844223328802
-0.162283162835930916
-0.364350465454529093
-0.552594575524660847
-0.717534313102844656
-0.847764047461974535
-0.935273179720304881
-0.969906569688841813
-0.975755227939133718
-0.976264563993349377
-0.976768109196815892
-0.981834648307228441
-0.997073395049000055
-0.998224452006703622
-0.974491064566275433
-0.926856956707069912
-0.854389181975025558
-0.759774744600522745
-0.696652395610889652
-0.682736217646791488
-0.681455183561917366
-0.680175402367330317
-0.666456674977612185
-0.607023716746386111
-0.521426727376025134
-0.447091665822609841
-0.383324937416170020
-0.329056056312244882
-0.283021013050226644
-0.257479083669325037
-0.252126772541386490
-0.251635484334727266
-0.251145341733913563
-0.245940151545054109
-0.224048530860671224
-0.193675579828909150
-0.167698715303181145
-0.145563859285025354
-0.126505457875403460
-0.110083884115574904
-0.100883315042224253
-0.098933848938365321
-0.098754442963627231
-0.098575368645962946
-0.096670994031295532
-0.088601135004464815
-0.077173358127418157
-0.067135364492799721
-0.058294195453504560
-0.050445934951268701
-0.043425550694681014
-0.039358594366639604
-0.038482459308176759
-0.038401502840460178
-0.038320635090973748
-0.037456648529121589
-0.033754361197177424
-0.028279832444819353
-0.023234758682891918
-0.018530582085651739
-0.014087261675239313
-0.009845198604795227
-0.007241141929981224
-0.006664448832495160
-0.006610899636367788
