133
0.006603063773008747
0.006656549028700276
0.007232546338857532
0.009834187014953311
0.014071005033998968
0.018507137715758806
0.023206270559361683
0.028248068847075869
0.033707689141029396
0.037411506194715782
0.038270992321274316
0.038351541114995891
0.038432192408985405
0.039305713390858060
0.043365990517471725
0.050369707166336042
0.058213439260807187
0.067031916842748340
0.077040804347371483
0.088479867615681329
0.096512932238027094
0.098402794815444894
0.098581735827268646
0.098761025884600506
0.100709370820944000
0.109890233682304550
0.126251768185167035
0.145274678464561879
0.167396964023811434
0.193267496282775619
0.223595808797602214
0.245440511260333505
0.250647637849952032
0.251137691727082668
0.251628695160946991
0.256966224592435788
0.282422335778178990
0.328525092460434820
0.382853784026136124
0.446887458460434983
0.521681075879601330
0.608241719961379435
0.668553923100373204
0.682541497068414049
0.683851361773288424
0.685162622330317550
0.699330680856655729
0.763394908007712480
0.858957582359105132
0.931759531851294120
0.979256901015861381
1.002771519094051378
1.001207317106372230
0.985825077587194620
0.980726863111922142
0.980219790390637336
0.979707174064790465
0.973863666161197905
0.938984596643925862
0.850606845714804827
0.720553049941293544
0.555986160709577959
0.367094119251113682
0.164709935687485043
0.033280814217816257
0.003754122485164046
0.001001101288766293
-0.001747463233631841
-0.031281464945410065
-0.162662181823435503
-0.365132976388812480
-0.553611134414507156
-0.718698939441157592
-0.849151170459381710
-0.936964365816997713
-0.972048122717026786
-0.977935385394087753
-0.978449136923277507
-0.978957263313322557
-0.984074578147681400
-0.999474882103276840
-1.001062222701679438
-0.977605414474485457
-0.930314268636438513
-0.857706679457050480
-0.762419726434591549
-0.698524987081424076
-0.684390923416869690
-0.683081671880512165
-0.681773531704389146
-0.667790614367557822
-0.607542987990455696
-0.521115682496014809
-0.446338056586100596
-0.382482419384701622
-0.328163724264809220
-0.282105567966768778
-0.256657744685250266
-0.251308170468319547
-0.250819611465152414
-0.250332108446635671
-0.245156806603477051
-0.223383980830335060
-0.193087388372539581
-0.167236225562481300
-0.145134077955896945
-0.126156707673067858
-0.109782005237342606
-0.100606338775804716
-0.098664387484433180
-0.098485697701745256
-0.098307337545492313
-0.096404888170797454
-0.088367362874412603
-0.076972315021693161
-0.066975516033790872
-0.058156635632471809
-0.050324470257099518
-0.043329661531147978
-0.039271087330321031
-0.038396329022094333
-0.038315597273085422
-0.038234974480806594
-0.037375120141040524
-0.033673482559029688
-0.028221149154995906
-0.023186135535909327
-0.018490479290158568
-0.014060448707312309
-0.009825230270680239
-0.007226516623826271
-0.006651006082639042
-0.006597568429136454
