133
0.006644182180609207
0.006698002870393314
0.007277609953669800
0.009895038206931453
0.014159229682447552
0.018624752040038411
0.023358496868851109
0.028435872734245665
0.033936119999655762
0.037671821774717590
0.038539143175391005
0.038620376733325273
0.038701716008038345
0.039582833372012044
0.043676637693357501
0.050742593778229900
0.058650445211247737
0.067558059815448823
0.077667669225958413
0.089199417867581232
0.097332402917250371
0.099251854916620474
0.099432369287457856
0.099613221537319774
0.101578989227777472
0.110867920166993206
0.127463659966123632
0.146665992268905532
0.169063068241325443
0.195231434905843826
0.225935336508918283
0.248021736823864858
0.253285484709458553
0.253781457764706841
0.254278518606631199
0.259690755042028210
0.285438555748622980
0.332027679521254671
0.386866262824933749
0.451191239892354989
0.526076113049306571
0.611568523221115878
0.670216043291127939
0.683674469391540196
0.684938205128461153
0.686202079878151405
0.699799853008081119
0.760488100977191106
0.850096181105602700
0.921339994682385921
0.968869421538898656
0.992013375754132731
0.989262948119158381
0.972729239697165404
0.967312145233235832
0.966774233556147777
0.966230566717818817
0.960018578504110209
0.923638531866095569
0.834760878342116541
0.707238553448913621
0.546225741612150983
0.361487579479625509
0.162277289299178840
0.032829493329073145
0.003728994750335168
0.001021375974818106
-0.001686252874572247
-0.030788278722695850
-0.160210129979283522
-0.359473117679136145
-0.544321035450272106
-0.705274201574978221
-0.833066385094988426
-0.921704394206408928
-0.958236919623993266
-0.964467005303513147
-0.965012122421660123
-0.965551431926577663
-0.970985828170929821
-0.987510045683881010
-0.990312471913948222
-0.967270450870743481
-0.919882522170405004
-0.848881801145839887
-0.759373382771380001
-0.698856498229127432
-0.685313653682378288
-0.684061079835741381
-0.682809516530094029
-0.669431094698091034
-0.610919001318858346
-0.525499939983679720
-0.450713455590453282
-0.386462640225020415
-0.331671550983902330
-0.285150956839530956
-0.259418455699112593
-0.254018333932473084
-0.253522401477216830
-0.253027536712020495
-0.247772646493644055
-0.225703570047967261
-0.195041368820862870
-0.168895128915567683
-0.146522318285710829
-0.127309220776277154
-0.110768038306156669
-0.101483778641282052
-0.099519373840179837
-0.099338616897074294
-0.099158195124212978
-0.097239630240410713
-0.089115854781781190
-0.077593714419039228
-0.067494860597613726
-0.058594873778232026
-0.050696120298166253
-0.043636582271929847
-0.039544115126699503
-0.038664003729984769
-0.038582754314749335
-0.038501608489115463
-0.037636503734601118
-0.033903081504346427
-0.028406287383327594
-0.023336640508270126
-0.018608128238028418
-0.014147032867933867
-0.009886626763561709
-0.007271448556431366
-0.006692324298573721
-0.006638548133462957
