133
0.006637604194571607
0.006691370213078557
0.007270400074224914
0.009885379600392506
0.014145316599875085
0.018605838612192505
0.023334596137848634
0.028405829999633758
0.033898561356188739
0.037629263277027286
0.038495150075173012
0.038576278926043761
0.038657513411560013
0.039537496090945423
0.043626205481241048
0.050681810692232487
0.058577811559075377
0.067473510975339102
0.077566902324204934
0.089077352295808043
0.097198766620119614
0.099115751741945701
0.099295994913547903
0.099476570064329584
0.101438970983595889
0.110711975161967957
0.127297586592460821
0.146437959400802176
0.168787288167267402
0.194905638987043606
0.225546692920986835
0.247588417405505190
0.252841508424421990
0.253336423553023327
0.253832413607973262
0.259231592222627150
0.284915493044649804
0.331419730226161890
0.386148799109605090
0.450346447736956534
0.525120437785975280
0.610663232097449438
0.669601637316584952
0.683129515255778585
0.684391234639347257
0.685653374459779474
0.699313167776922651
0.760626212848370287
0.851473072229594230
0.923090778253260247
0.970672868936162558
0.993958758650906660
0.991544487645573902
0.975369775070400458
0.970037831572774678
0.969508177461111842
0.968972832181726140
0.962854038278943669
0.926916625147806705
0.838489478377087316
0.710268894580705634
0.548218746205153984
0.362657251693612181
0.162771202428700690
0.032908897098662848
0.003715248632283341
0.000998565738543178
-0.001718144495879592
-0.030917510974500573
-0.160723749173760311
-0.360667293725162708
-0.546345421583426472
-0.708209446296971912
-0.836698942607122298
-0.925121877955709770
-0.961104746386067355
-0.967233332908813637
-0.967768979402353402
-0.968298834730931368
-0.973634503940653317
-0.989824503994511495
-0.992233135104759079
-0.969071740793995495
-0.921630305850658083
-0.850277471877900481
-0.759584685770522405
-0.698434140442025342
-0.684820628474118287
-0.683558208461914951
-0.682296157903838907
-0.668767100360025957
-0.609986761703242841
-0.524522632681487799
-0.449845590660776118
-0.385736527924501527
-0.331059232277352011
-0.284634890946482422
-0.258973608450180803
-0.253576799997731861
-0.253081279353127853
-0.252586852786705673
-0.247339820256634368
-0.225301330912686781
-0.194718859838178160
-0.168630419458534297
-0.146295511961604618
-0.127119734442673105
-0.110602907279093721
-0.101338235889295192
-0.099377612746659461
-0.099197160072972912
-0.099017041558312202
-0.097101722756022246
-0.088995864647029077
-0.077491843672752525
-0.067415912895004759
-0.058524453689589362
-0.050635269083153134
-0.043586904444107372
-0.039500825500832309
-0.038621686989550347
-0.038540503676191579
-0.038459419491222308
-0.037594146520634447
-0.033866088039518488
-0.028376648351931294
-0.023312117607063171
-0.018589086293606019
-0.014132757891828107
-0.009876565873027245
-0.007264175946380909
-0.006685573135784509
-0.006631847754946435
