133
0.006637455493629166
0.006691225334318270
0.007270242188984623
0.009884650415027278
0.014144824157594646
0.018605077962087699
0.023333629709024029
0.028403879218703409
0.033898306127107675
0.037628549564475033
0.038494031837648629
0.038575160655431678
0.038656395303206775
0.039536391616838307
0.043625924582951281
0.050681801311938168
0.058577439538228804
0.067472596136837426
0.077563939147573591
0.089075941913175194
0.097196164930034024
0.099112777588572787
0.099293025062724638
0.099473604618646128
0.101436034794927576
0.110709853046977114
0.127259428780432837
0.146439458275977374
0.168795726158972648
0.194918129429782816
0.225566184272347980
0.247616638034999115
0.252867793253216622
0.253362547978501107
0.253858383655865438
0.259262316671905246
0.284972931203678170
0.331508341859745315
0.386298879742481560
0.450630298230899395
0.525586473295028611
0.611453740140287749
0.670443445791111259
0.684020917225694358
0.685288942177477267
0.686557686986412730
0.700235755388347147
0.761549544513546284
0.852080480798012907
0.923343842727366138
0.970721029279915548
0.993780420520265828
0.991036043989565130
0.974568834713821275
0.969147558395397013
0.968609787794568078
0.968066259856017020
0.961855833816161798
0.925485494651654861
0.836587148312550433
0.708705779474957609
0.547346463970302288
0.362216335347079088
0.162617502953396276
0.032901250100566770
0.003737783519649263
0.001024369092581523
-0.001689040846413192
-0.030852099980906544
-0.160549311238608716
-0.360193478678791479
-0.545431794088481858
-0.706623787510201495
-0.834808552262160219
-0.923673839767863214
-0.960095064934065157
-0.966313312725728402
-0.966857208905173238
-0.967395285637000057
-0.972815893457157799
-0.989302141798757084
-0.992079250555895520
-0.969120778459950927
-0.921889823172737266
-0.850830689262870976
-0.760426191578563504
-0.699298773041857835
-0.685646728529240246
-0.684381269506288525
-0.683116362009219102
-0.669573387058388647
-0.610708808336004161
-0.525012835554584889
-0.450155962412547073
-0.385892218806854759
-0.331157438731185749
-0.284683422802346486
-0.258994591455309564
-0.253599394287413071
-0.253103636419527822
-0.252609003178600577
-0.247361816420482050
-0.225340552604737177
-0.194728764310140412
-0.168629599115541984
-0.146291392934889908
-0.127121085937242251
-0.110604541797215794
-0.101341277273724162
-0.099380580418736264
-0.099200142355190812
-0.099020036030118608
-0.097104672348294341
-0.088992759282051970
-0.077491179344806760
-0.067412411154966545
-0.058522309481653878
-0.050635254821176201
-0.043585225499321950
-0.039499114091242932
-0.038619406170344012
-0.038538198200956247
-0.038457094529762981
-0.037592954289280944
-0.033866009719971724
-0.028375149718168985
-0.023311733241180257
-0.018588421863391991
-0.014132656055733647
-0.009876677879439764
-0.007264140905799604
-0.006685599913987927
-0.006631878563704265
