133
0.006616089356009075
0.006669700321955005
0.007246955544591906
0.009852800279864626
0.014098778724130248
0.018542152356842589
0.023256079759957637
0.028306292122980775
0.033777200671631424
0.037493696744359095
0.038356281761958599
0.038437094686246287
0.038518012440430238
0.039393799852894207
0.043467631995738693
0.050491251879165422
0.058349698274988648
0.067208598080880144
0.077236771156013684
0.088674379995345054
0.096753869323667863
0.098657567334583640
0.098836347544758785
0.099015441089198630
0.100965061470383199
0.110177011455463103
0.126620136108053560
0.145719874536170413
0.167888737487110307
0.193898948667506676
0.224324900538021899
0.246241589184335696
0.251452978023571028
0.251943329828365981
0.252434683605067933
0.257782240174133204
0.283361887143736446
0.329601578715242205
0.384093575519515396
0.448214103361525673
0.522957565902237409
0.609200947798001380
0.669069623939546609
0.682936957055376492
0.684233076968156606
0.685530166632770666
0.699533136214620210
0.762793789432334002
0.857037180847637803
0.929046916487619612
0.976302374024943909
0.999669175079712424
0.997812396627836939
0.982122705306626820
0.976919607587807270
0.976402810490522022
0.975880427097266967
0.969921456761259293
0.934581729708162001
0.846365777969479538
0.716776127240426497
0.552899116518958955
0.365482692471912785
0.163995706689412657
0.033146224251540346
0.003730301770669797
0.000992693900423447
-0.001745100293378599
-0.031153983875503499
-0.161899626769829830
-0.363467703208472770
-0.550943081678403779
-0.714937715606741797
-0.844577950033173153
-0.932775209302198149
-0.968158275835912185
-0.974162864077635859
-0.974688226269673663
-0.975207838797323312
-0.980417152154329230
-0.996006239869789312
-0.997981184749504813
-0.974698060603231831
-0.927595618700657987
-0.855791218925389785
-0.761736050543018184
-0.698606287447865792
-0.684652298893722921
-0.683358934712054111
-0.682066354418023213
-0.668218238321738767
-0.608442110879329423
-0.522429914365150516
-0.447646968216966368
-0.383583669148276796
-0.329250824409330178
-0.283062924291014983
-0.257573332451833892
-0.252209802974207475
-0.251717359329495460
-0.251226007521496708
-0.246011521274421163
-0.224113746507955458
-0.193701771220309737
-0.167766124871602695
-0.145586174609330765
-0.126519080004165896
-0.110101911104924066
-0.100893921920007346
-0.098942320524241179
-0.098762709492029199
-0.098583437065495938
-0.096679742079969877
-0.088604828330949292
-0.077161392264951389
-0.067114854362573251
-0.058286223816128246
-0.050447969862716158
-0.043427460473368901
-0.039355372796866989
-0.038480798746259370
-0.038400049389674867
-0.038319357263294801
-0.037457505322912227
-0.033744182414352092
-0.028276793276971413
-0.023232649012188050
-0.018526285569365253
-0.014088881945632084
-0.009845102829416134
-0.007240787958611355
-0.006664263911919328
-0.006610710195556119
