133
0.006606984142959280
0.006660517447264022
0.007236989374369208
0.009839521728105649
0.014078172998164690
0.018519847562257399
0.023221438201026914
0.028270428959739913
0.033730604315978574
0.037445512994923352
0.038311235731389809
0.038391918958114946
0.038472710161868429
0.039347811168248703
0.043399985829366661
0.050409983512940126
0.058248239052262174
0.067086952691562396
0.077104949572347037
0.088532300417044130
0.096591338108732328
0.098490452909205828
0.098668896635372372
0.098847652202706360
0.100789471495155381
0.109979330204813319
0.126420174065703272
0.145403125304138459
0.167589656846475421
0.193426829261731825
0.223761194047724654
0.245628573648285053
0.250855452352124253
0.251347805943426650
0.251841203237998856
0.257211125546715547
0.282621580965929375
0.328628153705962545
0.382857651177785918
0.446632137921671335
0.521220741689351286
0.607142872373716891
0.667017811088590484
0.680920014724578415
0.682220665561828810
0.683522573809530964
0.697578079907824833
0.761307391064235617
0.856819736244662344
0.930028051162017810
0.977925196960677034
1.001836832690135459
1.000762086991603184
0.985739991691541917
0.980720245027303150
0.980219079417658179
0.979712243911049718
0.973910157614407801
0.939459495797824395
0.852126146967703946
0.721653750963769269
0.555989274148247503
0.367173769227623126
0.164704402133238226
0.033424910374501238
0.003942329843171777
0.001196964447354176
-0.001549025844224339
-0.031030212826131276
-0.162622285131382327
-0.365255688066632445
-0.554002523561629268
-0.720087057200844427
-0.850284412961312519
-0.937515264719209540
-0.971995381483017340
-0.977854946265039437
-0.978365254198382495
-0.978869536716538313
-0.983922222048457584
-0.999007905028044263
-1.000143188207319511
-0.976346769787055813
-0.928557981060326831
-0.855565951335401031
-0.760346862805528989
-0.696716641459532937
-0.682674682805584077
-0.681375160050725626
-0.680076758238031598
-0.666214866168345576
-0.606538232149218981
-0.520670003747958798
-0.446343671090989380
-0.382508065479016501
-0.328287002081143031
-0.282369844520345303
-0.256893180616615924
-0.251561077298482871
-0.251068071955769412
-0.250576159179048075
-0.245368187455046183
-0.223572818323346523
-0.193282060927676635
-0.167399606874985341
-0.145282749996602734
-0.126271087757537370
-0.109883605465231460
-0.100711954878678123
-0.098762542410577303
-0.098583276332557035
-0.098404360046197681
-0.096502513283908575
-0.088456060404880132
-0.077019480718890698
-0.067016126935908249
-0.058200600760128895
-0.050366996734578867
-0.043355684715009696
-0.039297049710221521
-0.038422500739758197
-0.038341727212762827
-0.038261056190798587
-0.037399944729130691
-0.033694605051292653
-0.028237226309818175
-0.023201438753152434
-0.018501169580385418
-0.014068793219785700
-0.009831773920344754
-0.007231448736191450
-0.006655477563247664
-0.006601979679790579
