133
0.006617957711148259
0.006671563064345687
0.007248827002624039
0.009855500584011280
0.014102497681289072
0.018548820740556193
0.023260913175036910
0.028312542339675645
0.033787025154030870
0.037503935525969978
0.038365166612236129
0.038445905811353043
0.038526751851805263
0.039402775261367817
0.043474752226118851
0.050502653130708924
0.058363070309914333
0.067220041202528114
0.077260330322898918
0.088711514992392160
0.096795255853787232
0.098702924965942240
0.098882191822209142
0.099061776602467233
0.101012395888298578
0.110235509111301755
0.126579625671318197
0.145755971363649373
0.167977481394370520
0.193947525242164076
0.224388441254589788
0.246296443836724999
0.251514010077792616
0.252005561213862972
0.252498170060700078
0.257861018471837733
0.283367660107420871
0.329607950890457690
0.384050133654892711
0.447798166768134331
0.522562400165253127
0.608441626064766261
0.668042860496679936
0.681821283358564401
0.683111304159107036
0.684403743532720821
0.698353491407585736
0.761532009251092656
0.856111740405034460
0.928409877293139729
0.975956631728920776
0.999549055257006991
0.998208428739193465
0.982902700789606065
0.977769776460969631
0.977257978042604947
0.976742300249942019
0.970864263570250685
0.936002036398543957
0.848483803846346696
0.718279036739863486
0.553732010603430247
0.365895972593328622
0.164122132688378386
0.033185093283968570
0.003744535868070109
0.001004084665082949
-0.001736305336776489
-0.031184313832850030
-0.162098593254262902
-0.363915964109096990
-0.551826378492631164
-0.716432778421359551
-0.846560757360142802
-0.934091256364301792
-0.969039471053145363
-0.974897059758915496
-0.975408311195391953
-0.975913928055159197
-0.980999928468818005
-0.996306281066030586
-0.997874404698563922
-0.974340292597241309
-0.926941617357160297
-0.854797053454782407
-0.760539185561945885
-0.697488386286779782
-0.683589263332133434
-0.682303014462512625
-0.681017545517272005
-0.667253989044864326
-0.607687962737533560
-0.521973038032596648
-0.447485667001996434
-0.383625124307248822
-0.329285892297625393
-0.283094156705628208
-0.257597881631189018
-0.252224065531342800
-0.251730265910321105
-0.251237492471481083
-0.246020706168037950
-0.224193851311228709
-0.193748611537683968
-0.167804610177552549
-0.145601887294954158
-0.126552824530442920
-0.110121829640101421
-0.100912884888898768
-0.098962295865413163
-0.098782815987527084
-0.098603663474437608
-0.096698505659070066
-0.088612283545538462
-0.077188485455526035
-0.067141109219475192
-0.058310466648661019
-0.050456625502160873
-0.043435057750947026
-0.039366669144754451
-0.038490861328861342
-0.038410065992056736
-0.038329377365693112
-0.037468703846015500
-0.033755059995197012
-0.028286008216554637
-0.023239263773912083
-0.018531537916391103
-0.014090497092509771
-0.009847097872103958
-0.007242658681270164
-0.006665838098921281
-0.006612272966872702
