133
0.006637111089703933
0.006690875038089739
0.007269866391532230
0.009884295232275908
0.014143274231091241
0.018604414871804420
0.023332228601776292
0.028402983870273957
0.033897678198621661
0.037628003576660102
0.038492966610992996
0.038574098117709676
0.038655343581195767
0.039535484477627336
0.043624275763942816
0.050679914989631536
0.058575313157435915
0.067469684333917535
0.077562723962844804
0.089083145557138144
0.097188061599032816
0.099104351174723493
0.099284519955813777
0.099465018103434666
0.101426559115958104
0.110717596703055476
0.127257007137999700
0.146451490763329861
0.168781719837738375
0.194908560567626399
0.225542047637335541
0.247586301864495484
0.252839517984499773
0.253334388871367500
0.253830346307095001
0.259231791401612455
0.284940921715049367
0.331438696357203355
0.386217656351069749
0.450504945711490024
0.525376972902635409
0.611127097726977819
0.670135904054240950
0.683689434987813982
0.684956719099754530
0.686224822698735526
0.699909695462448855
0.761219579597470553
0.851979274284852650
0.923265064102375632
0.970711405633505997
0.993879665798168332
0.991309815260494887
0.974929641927959167
0.969534004025168983
0.969001534954430532
0.968463364041667774
0.962345724741846098
0.926103104957417322
0.837378365003748293
0.709318527866219739
0.547742919889047997
0.362385363960212814
0.162670944622859359
0.032923895996219699
0.003749430259242459
0.001035226367394948
-0.001678946179408669
-0.030849344118773381
-0.160598896579308814
-0.360336687627741625
-0.545803212537240512
-0.707412724730954956
-0.835636080497427436
-0.924297601683923276
-0.960542213578607473
-0.966728695921668546
-0.967270046221686108
-0.967805655022582201
-0.973185403875753252
-0.989498151780600743
-0.992180153876324411
-0.969101626324463616
-0.921822967178548502
-0.850613268593410687
-0.760135873856394806
-0.698931189171143163
-0.685299624121129991
-0.684035162300477229
-0.682771276005298411
-0.669239704523004519
-0.610396931511423269
-0.524814585931483446
-0.450018276015084151
-0.385826519494175901
-0.331088203816604754
-0.284653905920490002
-0.258966429868966896
-0.253580168500828096
-0.253085403669399245
-0.252591695762421020
-0.247350159173423734
-0.225314004065972906
-0.194712363079094897
-0.168609579955687372
-0.146291589132151789
-0.127120426541366349
-0.110601347279727369
-0.101339651227219829
-0.099378966623319576
-0.099198549209575382
-0.099018463839624649
-0.097103361569756519
-0.088989609498385525
-0.077485594993995932
-0.067415486446355533
-0.058523406168992875
-0.050636171377463235
-0.043582864083980821
-0.039497762361053124
-0.038618462435443007
-0.038537276983159896
-0.038456193499909169
-0.037590825900672531
-0.033865392771968900
-0.028374284726003313
-0.023310757833246681
-0.018588747907068812
-0.014131902011796552
-0.009876275167171364
-0.007263886926241421
-0.006685381222731823
-0.006631661537829778
