133
0.03161707061978892
0.031872956453329035
0.034628300306776334
0.04706189473489533
0.06727841790637638
0.0883832886738711
0.1106705282725626
0.13447083302619092
0.1601296758624034
0.17748485862883828
0.18150624752768038
0.1818827380948732
0.18225969185134427
0.186341390712416
0.20526658784285753
0.23778951375636717
0.27399384746808436
0.3145627672559707
0.3603730831421236
0.41237586609577337
0.4489155337699903
0.4575247352217757
0.4583341148576124
0.45914496338312283
0.4679555160012781
0.5095199551968828
0.5835321454473272
0.6688611674464378
0.7680587683281531
0.8836334048312512
1.0189208167240413
1.1160900648038607
1.1392344628236286
1.1414149905440623
1.1436002609959435
1.1673918276015514
1.2805251069388992
1.4851167596477683
1.7259504630891307
2.008809592196111
2.3391118163707567
2.718690535243768
2.9816111549474176
3.0423786696347475
3.0480879252628967
3.0538001362482134
3.1153998271280403
3.3937792708659518
3.823512623594588
4.205698663396896
4.529275140233264
4.804199543530439
5.0417727262137
5.176399392604833
5.205145461025564
5.207795475523423
5.210441450488409
5.238634420892428
5.359382937603923
5.535065436106523
5.6952986101691305
5.842672369023116
5.977965589274465
6.1003968095859245
6.1702050006145415
6.184955518626445
6.18631007596759
6.187661593942169
6.201995573594512
6.261458433051294
6.338164945099193
6.387554508063817
6.400983956300396
6.368364652732575
6.281241800142643
6.196999734536221
6.175030332293246
6.172929021089709
6.170817873751307
6.147500114090732
6.029245657076246
5.794530231020399
5.496552071562463
5.125665878802552
4.672936896345904
4.153513812093966
3.814876873569948
3.739851502800083
3.732920524231596
3.7259965803620565
3.6520660252088755
3.3307848726364555
2.8655475319961825
2.4603782344058107
2.1131688043570054
1.8173913382557711
1.5662768710549266
1.42731027806642
1.3981367225393655
1.3954572754922052
1.392783557658672
1.3643892371430115
1.245083800398692
1.0791174646653934
0.9373226176860286
0.8157116606266367
0.7109975770103659
0.6205739082781612
0.5696853213137004
0.5589033875026894
0.5579110072083263
0.556920420971993
0.5463838652132175
0.5017068575456236
0.4381488492109048
0.3822202834339658
0.3327265638359702
0.2886120298955251
0.24901156007576308
0.2259725938141936
0.22100940690161497
0.22055106535515073
0.220093282172832
0.21521105146300748
0.19410812183899465
0.16293178903490688
0.1340635295452211
0.107040217150716
0.08146496600129313
0.05697681556590709
0.0419207033604731
0.03858454818873666
0.03827472795947135
