133
0.03157524126286722
0.03183077413222102
0.034582390220297
0.047001145438589464
0.0671841853410313
0.08826737989087743
0.11052077644397776
0.1342832181981189
0.15990912593920176
0.17723464760378188
0.1812464050974261
0.1816223796584041
0.1819988243069722
0.18607525738747852
0.2049655462954725
0.23742982601421653
0.2735555122332801
0.31404617432907156
0.35976876818263803
0.41165712335108573
0.4480988260724624
0.45669104339062894
0.457498536314448
0.4583074745940233
0.46709627817041993
0.5085399765582438
0.5823925467353728
0.6674930538835288
0.7665253730238402
0.8816928846254368
1.0165482814774822
1.1134123927289348
1.1364944834788813
1.1386687093816164
1.1408475797338857
1.1645661285371385
1.277426909626668
1.4812624062166917
1.7215140725278162
2.003549737744962
2.333178287347967
2.71284914866336
2.9767153901777195
3.0379074273803064
3.0436314394951545
3.0493614754833307
3.1112240689133817
3.3921977458186547
3.8268539116532514
4.210298432327015
4.533317334634717
4.8074425281353355
5.04431562617463
5.178716156373704
5.20737373449344
5.210017666369183
5.212656734259905
5.240768242671694
5.361153048934711
5.536403274498621
5.696374359624128
5.843691176106825
5.979124605851445
6.101718988388626
6.17172990752524
6.186521385748129
6.187880746623112
6.189237179229284
6.2036311312788275
6.263442077034881
6.340821711928605
6.391027736342799
6.405680018945167
6.374241977150925
6.287305242550971
6.202735740601217
6.180725107599567
6.178620486623855
6.176507690577095
6.153161476443516
6.034687072915465
5.800244922147687
5.502840429310653
5.132336382077478
4.677525045008001
4.152097452622426
3.8101179811695887
3.7346486217350834
3.727662841567131
3.720683330238148
3.646186058379057
3.3234729732696335
2.858333301230794
2.4540314788883366
2.10771770788594
1.8127412787443107
1.5625531784490443
1.423966902071353
1.3948665964371703
1.3921969790783948
1.3895332517044916
1.3612464530721635
1.242325400377279
1.0767849263952445
0.9353476813582771
0.8141457551582173
0.7096457717387767
0.6193850623401607
0.5686598913006421
0.5578984530652571
0.5569082621696091
0.555919901180467
0.5454090492927155
0.5008126196754165
0.43738480377449274
0.38157410581157725
0.3321949849210076
0.2881791449021482
0.2486353061451735
0.22563752140752796
0.22068622325707637
0.22023035871460922
0.2197750583503033
0.2149119597909655
0.19383526552787156
0.16270645112391385
0.1338847159673469
0.10695327618292252
0.08136053760769144
0.05690343427928162
0.04186645963696295
0.03853510345789177
0.038225706926340565
