133
0.03150131427296046
0.03175624908742472
0.034501240744796914
0.04688744912243089
0.06702839431537101
0.08804897666898069
0.1102413240281024
0.1339289040325437
0.1594753421003001
0.17674882037176085
0.18074349023965175
0.18111782964071874
0.18149263792442974
0.1855522279047073
0.20438285020115649
0.23674072756160355
0.27273940287169013
0.31309007479474626
0.35860019120572506
0.4102546534995061
0.44658231750419874
0.4551407413421572
0.45594472628654115
0.456750092256818
0.46549499066452626
0.5067745624749528
0.5796949876416987
0.6649137121512496
0.7633496725578925
0.8780612975652127
1.012199913184652
1.1085868934604157
1.131527862730285
1.1336889092720908
1.1358545663977744
1.159428790060357
1.2714978147744673
1.4745284544179666
1.7135577404051285
1.9937043856124401
2.3231599003708925
2.703601930151448
2.9696860174790705
3.031558845581242
3.037358499065956
3.043169370061714
3.1059905814695163
3.3931927608083385
3.8399227269416336
4.2232612781898045
4.543155847140619
4.814783668940156
5.0499146733866285
5.183496231330638
5.212013178945691
5.214640969633222
5.2172662202601865
5.245265975403744
5.36504239115567
5.539391789651878
5.698805323891456
5.846035347435653
5.981546652437994
6.104575568923234
6.175037128445729
6.189950227356846
6.191320258317223
6.192687439302751
6.207202354922877
6.267587025714548
6.346190679850811
6.3984376160005585
6.415624947927783
6.386185096228381
6.299275141240534
6.214349124718603
6.192198509130434
6.190081960654868
6.187955932199871
6.164504208498556
6.04623707004927
5.812655304268192
5.517455705510951
5.150329300024092
4.694877503822996
4.154539194317187
3.804369211840502
3.7277523264659274
3.7206708820823895
3.7135954434485527
3.6379400288600445
3.3120524386759906
2.846000016940974
2.4427742520993023
2.097826013895881
1.8045506075578182
1.5552404593298026
1.417555089121098
1.3885241163389797
1.3858562414818252
1.3831938727080644
1.355005559159429
1.2370056784943007
1.0722063848422878
0.9314952940315937
0.8107930217716841
0.7069548077598344
0.6171180298418287
0.5666308306158051
0.5559224952213312
0.5549369251372103
0.5539531075137614
0.5434880431040353
0.49901041854233436
0.43597705746573767
0.38032263382299
0.33119917932826903
0.28732401376810884
0.24792620160314913
0.22501644788459957
0.22007630760465716
0.2196204055897906
0.2191650793915128
0.2143066465431071
0.1933096751852851
0.16228230236893104
0.13353700784383296
0.10662581417274743
0.08115871118534289
0.05676259824390643
0.041764645020401815
0.038440969629803166
0.03813229236927027
