133
0.031586123323955224
0.03184175811614935
0.03459425390109857
0.047015891045630455
0.06721097478789946
0.08829580046503706
0.11055780332872911
0.13433000893536218
0.15995925668204203
0.17729118259218238
0.18130689329660787
0.18168336978231603
0.18206032843485095
0.1861384323494457
0.20503037411282468
0.23751235767636242
0.273662703551684
0.3141780043154798
0.35991544739118775
0.41183557319068104
0.44830439333776895
0.456908590919584
0.457717399781878
0.45852766215965846
0.4673279674122663
0.5088020827702939
0.5828176319808492
0.6678688854648968
0.7668117872383726
0.8821335115046742
1.0171156014580285
1.114050315868814
1.1371345037547544
1.1393093219080601
1.1414886076317343
1.1652033609937562
1.2780484028332773
1.4820626663373495
1.7222602765760537
2.004335762389786
2.3338471652024873
2.7131859831418432
2.97671168026699
3.037805306712398
3.0435135161533804
3.0492275926806665
3.110931477669637
3.3917040414745068
3.825929956398394
4.209394720975183
4.53240454336018
4.806736319884118
5.04371273797353
5.178154411211928
5.206849669168414
5.209494198583588
5.212134740450942
5.240288826302846
5.360805915592708
5.536135394154063
5.696109968418074
5.843460522634188
5.978858365802099
6.101471605976933
6.171466450003719
6.186254822823497
6.187613963451925
6.188970193619765
6.203362885242582
6.263097689871486
6.340421820295096
6.390622242522769
6.4053489458693775
6.373667150984795
6.286566355446801
6.201871517981035
6.179838010843645
6.177730381621391
6.1756128974262445
6.1522280785131755
6.03373482243528
5.799067438554019
5.501533317221297
5.130993179796418
4.676441126570867
4.151586524907101
3.8100852015810687
3.734695581537742
3.7277636010921196
3.720833872092327
3.646274926563651
3.323999311426369
2.8590583460844847
2.4548462931397586
2.1088083427205544
1.8137015763518232
1.563093709615199
1.424646917814679
1.3955335300640828
1.3928582950655946
1.3901889153399039
1.3618844199022226
1.2428894143413953
1.0772684049277004
0.9362495797828089
0.8144729524799958
0.709958309376878
0.6196500533860386
0.5688754418089036
0.5581131884208489
0.5571231190238493
0.5561348618587959
0.5456197755439641
0.5010154528696945
0.4375685558501158
0.3817450546932659
0.3323210829558576
0.28827621140766657
0.24872571597646595
0.22572357836691406
0.22077239818603359
0.2203150525420626
0.21985827676929892
0.21498227554003152
0.19389758843246374
0.1627615711664771
0.1339269175879444
0.10693495156492107
0.08138375753713457
0.05691993349532916
0.04187932339918535
0.03854627291789115
0.038236753151615205
