133
0.03149425865281429
0.0317491447409497
0.034494049498660834
0.0468780934993924
0.06701304898046428
0.08802697356811343
0.11021926511194716
0.13390270072888125
0.1594473952599848
0.17670874924017713
0.18070663033284354
0.18108110346279704
0.18145606252755886
0.18551725129505808
0.20433946990786248
0.23668949601619813
0.27267831237612206
0.313011875231051
0.35849691669767236
0.4101717186916405
0.4464295437105447
0.45497116918093206
0.45577632864680573
0.456583054100957
0.46535134567912934
0.5066081556086529
0.579538702986155
0.6647153874404725
0.7630531144390226
0.8777081145508616
1.0117193074613364
1.1080690937456248
1.1309762335404567
1.1331332066659139
1.1352947066012615
1.1588226106480697
1.270809816513476
1.473626549058157
1.7122393888321294
1.9927751836374492
2.320891224311796
2.7006046374391404
2.9662893146083626
3.0282351438083364
3.03402976470195
3.03983003883199
3.102575496184773
3.390001023134162
3.8378360102911895
4.222553911823491
4.542912141934877
4.814856664802608
5.05002543437307
5.183623678477611
5.21215019296149
5.214780464230383
5.217406810342549
5.245395084952392
5.36520712662422
5.539438218867357
5.698801996353603
5.846069367755373
5.981658428609756
6.104728774954399
6.175192766434807
6.190102109867201
6.191472943480477
6.192841251056448
6.207369635153347
6.26791821828626
6.34667769497794
6.399273095813424
6.4167150297539655
6.387488452915171
6.300582839861477
6.215340733782451
6.193205047540325
6.191087044365538
6.18895911159987
6.165462644297855
6.0471708030305305
5.812982490613274
5.517379406616348
5.149397161869156
4.692574772711152
4.150571043685129
3.8000864063224147
3.723400065802897
3.716343736970856
3.709295642905466
3.6338558648955006
3.3086532348606426
2.84321960079294
2.4407600268280265
2.096276981084574
1.8033621258349437
1.5548809609119227
1.4169419256717832
1.3880259508677646
1.3853715107119644
1.3827232159891074
1.3545956870638658
1.236242663812986
1.071825952408447
0.9309360847554777
0.8105955071036389
0.7067056142302639
0.6169181732488255
0.5664752203640543
0.5557728373750525
0.5547876457166776
0.5538042288731098
0.5433431387574912
0.4989527041444212
0.435899135145262
0.3802926049266862
0.33111240390346525
0.28726735347762683
0.24787573731850118
0.2249735018320424
0.22003158659796718
0.21957480859381875
0.21911850858133783
0.21424203821627016
0.19330651899226783
0.16224906984964851
0.1335129241338152
0.10662090146142958
0.08114134428559099
0.056752391992468995
0.04175649887386988
0.038433520719806755
0.03812493088054357
