133
0.031452592500171184
0.03170721208486259
0.03444874611518035
0.046816637278253054
0.06692027954206459
0.08792112040458674
0.11006644575183726
0.13374413887638587
0.1592280227465938
0.17649346412196187
0.18050896562999927
0.18088308092219108
0.18125767088927644
0.18531343837103414
0.20405558651256447
0.23633549753479394
0.2722371333202357
0.3125098061115116
0.3579241567650785
0.4094774970696562
0.44569838685715424
0.4542193653885345
0.45501975492172086
0.45582149910626996
0.464527968476382
0.5056627758112359
0.5790091074803113
0.6633854230199004
0.7616727881462275
0.8758051191338259
1.0094790602917452
1.1056888914591774
1.128670836819738
1.130835407189541
1.1330045245374478
1.1566096564142576
1.2682564871879987
1.4702571149474362
1.708330227850074
1.988569527705634
2.3171240636473853
2.6974727137712664
2.9644354370678023
3.0267286731105014
3.0325642491622293
3.038406842973519
3.1015833691252324
3.3906939716462903
3.840579687765966
4.2266768701935575
4.546675638088264
4.817877203626881
5.052290016034825
5.185589179190458
5.214058767053105
5.216682106190509
5.219301420823902
5.247196978728405
5.366706441375095
5.540674506854186
5.699749948354904
5.8470884265846745
5.982741063706799
6.105850221383204
6.176441628222339
6.1913806008017165
6.192754231071909
6.19412517147837
6.208660039816458
6.269418494843583
6.348671858635402
6.401562703367385
6.420530143006204
6.391158861983038
6.304340115017878
6.219185543103431
6.19714443897039
6.195037903602928
6.192921598404407
6.1694717863622675
6.051263619016664
5.81797476720849
5.523154629175272
5.155309053769106
4.696546335852389
4.151959329715877
3.7992096414140044
3.721952489889249
3.714810722094569
3.707676511137288
3.6315903385316806
3.3053723752650326
2.838808866173399
2.4365666151822616
2.091804903582863
1.7991920432258794
1.5513651442699192
1.4137856209795208
1.3849792983311593
1.3823157831851112
1.3796581304968603
1.3515181154516838
1.2336871809846328
1.0697172240318227
0.9293333295884314
0.8090905737785898
0.7054510984043185
0.615845212637071
0.5655587344268165
0.5548562426632706
0.5538717750358142
0.5528891816115089
0.5424414934952125
0.4981768619008055
0.4350687278341481
0.3796505383534641
0.3306091129429045
0.28684285848009694
0.24749832510618047
0.22464102758325766
0.21970747952084585
0.21925171550123324
0.21879650740855977
0.21393610590150267
0.1929828034442612
0.162018196022149
0.1333323941736908
0.10646201959169149
0.08104119965345237
0.05667947286355483
0.04170390446278416
0.03838484737110645
0.03807653134867873
