133
0.03158574308859166
0.031841377715411845
0.034593997555204904
0.047014315440945316
0.06720760463643927
0.08829336161691095
0.11055464318472664
0.13432584582038792
0.15996072089020508
0.1772924323659977
0.18130332251528825
0.18167937243172036
0.18205592494881126
0.18613348364335824
0.20503700094551383
0.2375152907893982
0.2736653168939687
0.31417689311771024
0.3599154940370689
0.4118685788087786
0.44828694262900814
0.4568825146451009
0.4576903978554514
0.45849971218611774
0.4672919109330417
0.508866941311257
0.5826337126562322
0.6679285543757136
0.7668340378999634
0.8822277870219106
1.0172044800904156
1.1141870618741272
1.1372841759700807
1.1394597469512149
1.1416400527795878
1.165383073591653
1.278341714876312
1.482514149933632
1.723055265597635
2.005688303783932
2.3358133749864267
2.7162347103217037
2.9804306322912346
3.0415343963030512
3.047255745771221
3.052982459681438
3.114886471160669
3.395491399469645
3.8291359347158185
4.210785686878581
4.533215018680519
4.807146536545032
5.044026796648115
5.178335793933748
5.207018158007769
5.2096605235916265
5.2122987841896515
5.24033946371507
5.360865023423319
5.536223891300756
5.696288714094823
5.843620471816001
5.978963411295424
6.101491577398029
6.171421414310194
6.18620280813233
6.187560281240464
6.188914722915941
6.203280820644317
6.26294263367472
6.3400283592811535
6.390005911333117
6.404079487982215
6.37211068030255
6.2853141099366345
6.2010442282872
6.17909022183853
6.176990694800103
6.174881417219773
6.15156318549395
6.033445805047838
5.799340771010889
5.502317008607643
5.132747825960272
4.679690310415158
4.156065642149195
3.8142941859395108
3.7388746891491667
3.7318895164346495
3.7249093157255944
3.650276911962125
3.327501731299244
2.8616191892726404
2.4565200280753046
2.109688975472838
1.8142265442746304
1.5635956283163877
1.4248769537889803
1.395779305724772
1.3931062574260016
1.3904388784178698
1.362117531679837
1.2429911422960256
1.0773534915772405
0.9357922543296033
0.8144769228162465
0.7099869280385411
0.6196812477072431
0.5689136023504314
0.5581515169549943
0.557160944210058
0.556172148260385
0.545654020485826
0.5010301027514037
0.43756771064886973
0.3817943658453744
0.33234296849436107
0.2882897168886282
0.24872171728369552
0.22572240936546667
0.2207635106860168
0.2203055046295825
0.219848048084776
0.21496419962541166
0.1939044687931282
0.16275853635982968
0.1339233011768217
0.10693502087214449
0.08138279873281322
0.056920601701678564
0.04187962368808876
0.03854684873743905
0.03823733490370553
