133
0.031492816700207434
0.03174778147993199
0.03449276722582627
0.04687513434955515
0.06701139376303063
0.08801828244007606
0.11021971163615354
0.13390044445835067
0.15943095870156077
0.17670346668962114
0.1807038921939026
0.18107851888657614
0.18145360451515502
0.18551192605892203
0.20435138045299964
0.23669004332485094
0.2726802633412066
0.3130391445939672
0.3584958766396414
0.4100917036982161
0.44639790338671864
0.4549388184183678
0.45574066183912676
0.4565438658752525
0.46528448396815625
0.5065157753599365
0.5798672411664791
0.6647532175016684
0.7629533319889055
0.8778383811663999
1.0119040537363
1.1083221426375363
1.131233996957268
1.1333895997352024
1.1355495658843446
1.1590546026571364
1.2714337305383672
1.4744355059632115
1.7136377422621971
1.99537340976865
2.3246016357633654
2.7064725541745465
2.9736003374204842
3.035815529645685
3.0416388146772846
3.04746796559448
3.1104956031170605
3.398021196580049
3.8434429572730706
4.225664917924766
4.54466928044844
4.815779058809843
5.050539368890225
5.183987656293098
5.212518234805625
5.215145289155137
5.217767795535963
5.245687672980987
5.365370327941185
5.539708138820474
5.699178964283914
5.846410821601445
5.9819094806391595
6.104848017039447
6.17524300814242
6.1901481600942
6.191518334935116
6.192885728298025
6.207377308387706
6.267673898529457
6.346128721989419
6.3979487117451415
6.4144613881918735
6.384548428543735
6.298257855259044
6.213774991554912
6.191806280698071
6.189708528578164
6.187601320426898
6.164314856022667
6.046512948831144
5.81378482959043
5.519347519362928
5.153462417563118
4.699665370042
4.160308209308147
3.8097573813905443
3.732878005975825
3.7257619967232722
3.718651961662907
3.642583696337785
3.315658187721577
2.8481702196764083
2.443473998642863
2.0974953531267944
1.8043011908413837
1.5550353192123696
1.4173957218487523
1.3884217771014815
1.385761341086548
1.383106760742169
1.354932464182759
1.2365570467717006
1.0719422248512647
0.9312794812671354
0.8107036866559725
0.7067697609352197
0.6170093766019699
0.5665275749936505
0.5558137860423696
0.5548274958269145
0.5538430186179282
0.5433859639905401
0.49896854086826503
0.4358296074162841
0.38017856638630027
0.3310657991477558
0.28727720945983054
0.24788499604100478
0.2249542171771404
0.2200209315538093
0.2195652861603997
0.21910993867519526
0.21424491130479512
0.19324943103073144
0.16223115858630954
0.13350041186759345
0.10659710367630815
0.08115024335255232
0.05675159065522767
0.04175426990718336
0.03843226267535213
0.038123648492643346
