133
0.03158730955503926
0.03184296975352301
0.03459568830911879
0.04701586327600712
0.06721470626598189
0.08829633489435781
0.11056084651821746
0.1343297731651815
0.15996323663645348
0.1772946547921235
0.18130783141227166
0.18168386382857113
0.18206036031812703
0.18613718158138648
0.20504401953440501
0.23752317491462815
0.2736743077798895
0.3141892951549073
0.3599199423445324
0.4118369050656319
0.4483215355100638
0.4569185109794484
0.4577267424944955
0.45853641707638443
0.4673325399537529
0.5088311592601925
0.5826424697824605
0.6678733843173833
0.766891845249456
0.8822637126521093
1.017301518091796
1.114307834127711
1.1373955092339163
1.1395705410096397
1.1417502828411124
1.1655038767144426
1.2784643497412507
1.4827937757364082
1.7233672959921336
2.006168141191344
2.3366400960581553
2.717514473265596
2.9816469664548926
3.042843057376156
3.0485675669480923
3.0542970364393334
3.1161794527400812
3.3967800288235632
3.8295819217570104
4.211168072926908
4.533476317821033
4.807264649606295
5.044029253004081
5.17833118215708
5.20701902720214
5.209663520001122
5.212303969721085
5.240437313793729
5.360862702754758
5.536290763052402
5.696384601372213
5.843679303264499
5.97899292396519
6.10147466135831
6.171407456691855
6.186185360683108
6.187542632246174
6.188896884765507
6.2032610741578935
6.262903147460608
6.339906858023849
6.389637128698603
6.403375050423573
6.371312880121083
6.2846846770508025
6.200600876577971
6.178684554937858
6.17658822472116
6.1744820819045465
6.1512202897588875
6.033324646577277
5.7993812734267705
5.502594339222841
5.133176210548218
4.680798615393927
4.157526268145565
3.8161093856323784
3.740592056010348
3.733601918206033
3.726616654242372
3.6519268836402468
3.3290450108767695
2.8625975731650466
2.457194401360364
2.110002817438504
1.8145754026122354
1.5637390472250947
1.425015746449424
1.395870599209138
1.3931922546878683
1.3905199426981933
1.3621687218730054
1.2431262881432874
1.0774361354470583
0.9358966070873631
0.8144725472106251
0.7099883694900953
0.6196969176571375
0.5689206814055799
0.5581587035514095
0.557168036343352
0.5561791443491446
0.54565975626617
0.5010459730502176
0.43759796045294413
0.3817770178618207
0.33233596989573105
0.28828399256138537
0.2487343842668116
0.22572937490581593
0.22076793883615234
0.22030978199536744
0.21985218749992302
0.21497534434634763
0.19390757162414907
0.16276312730187886
0.13392852839638852
0.10693331906525114
0.08138690208342916
0.056922791159135816
0.041881008478289364
0.03854802141020843
0.0382384992010977
