133
0.031497297476223804
0.031752200022486375
0.03449672844756116
0.04688137992385911
0.06702026941981815
0.08803529025870074
0.11022924217656462
0.13391587152778003
0.15945901623074857
0.17672440604868977
0.18072439800362736
0.181098962803374
0.18147397926546383
0.1855346716210051
0.20436249920747757
0.23671654598738978
0.27271039532358354
0.3130480526415038
0.3585388990480511
0.41022353719491356
0.44651961004082386
0.45508375745187374
0.4558883458218225
0.45669433893018907
0.46544200264536667
0.5066833180634364
0.5800615916116622
0.6648614895298399
0.7632276090691188
0.8780159668429428
1.012191156237229
1.1086172149817086
1.1315788703818634
1.1337420427622824
1.1359098839389983
1.1595246971161615
1.2717926703263702
1.475059849123387
1.7145231564336223
1.9963836278651164
2.3266520915821136
2.7090807650667434
2.976478561945894
3.038730391086509
3.0445553520024617
3.0503860268410303
3.113260460879332
3.4005529967375683
3.844583514561652
4.226083736085902
4.544923871496458
4.815893315992896
5.050590893601216
5.183849821732178
5.21232621367193
5.214952022538004
5.217573936519819
5.245517276323264
5.365256877078645
5.539764919575805
5.699321082133188
5.846483442231365
5.981908048629819
6.104786394414474
6.1751192007343
6.190000631588824
6.191368535145497
6.192733589728993
6.207222736757209
6.267457274056257
6.3456854207547355
6.397202442304754
6.4131470243921385
6.382645828246387
6.296548660666231
6.21264617145949
6.1907425927530095
6.188648081601258
6.186543920749333
6.1633182958543635
6.045934168770999
5.813567441432826
5.519527905729094
5.153725773058366
4.700957018282296
4.163390039966253
3.813209236149347
3.7363141131254967
3.7291990241351467
3.722090290963429
3.6458809207533402
3.3189873384107518
2.8503265110180673
2.445098761822173
2.099101796194183
1.805111055601139
1.5555490923273885
1.4176717792152838
1.3887094858063116
1.386049430403967
1.3833949308438398
1.355208287093797
1.236867607306094
1.0721907954140146
0.9314508179548221
0.8107575965337513
0.7068859518924363
0.6170678776628086
0.5665808189564185
0.5558764495302266
0.5548912885860846
0.5539075206092909
0.5434406961470064
0.49903732456785227
0.4359192353629706
0.38035507007504965
0.33115746836079785
0.28729011450077147
0.24789694627268144
0.22499534974798446
0.22005674604945685
0.21959996034562768
0.219143743837227
0.21427590286555875
0.19328388280766873
0.16225947663905846
0.13352225535249762
0.10661477866063603
0.08115066215605916
0.056757015220101625
0.041759931303888935
0.038436560116127644
0.0381279357434706
