133
0.031570885832919206
0.03182643076100001
0.03457836969487047
0.04699382731260193
0.06718200364835036
0.0882534414368351
0.1105051982839175
0.13426133439099452
0.15987241874416358
0.17719562420564902
0.18120691086159796
0.1815823854749475
0.1819582825348477
0.18603063059932226
0.2049291116272511
0.237377012822307
0.27351019987549025
0.31398425108838784
0.3596747152422094
0.41155361798111023
0.4480166156558892
0.4566127386830849
0.45742054732315
0.45822977376513746
0.46701857959719034
0.5084590989860239
0.5822403473307591
0.6673314621693169
0.7662582482447664
0.8814995489354343
1.0163668928218192
1.113270496624148
1.1363533990353203
1.1385317374033679
1.140714814121872
1.1644901211736434
1.2772578167511246
1.481354378794964
1.7217502459488754
2.004704524694803
2.3344238332747316
2.715155264691798
2.979750335301793
3.0410460636770003
3.046781378613627
3.0525224139328904
3.1145815313731875
3.3958450919217795
3.8299986072965355
4.21262263442995
4.534862414829717
4.808480811041117
5.044926695031947
5.179115876454909
5.207787645280765
5.210430713381112
5.213069720251358
5.241182030057995
5.361521259646704
5.536790029923646
5.696792465353658
5.8439992262851455
5.979317268204809
6.101963941925169
6.1719994662660485
6.186788672523452
6.188147305165704
6.189502991186918
6.2038872351106855
6.263681540831067
6.340944520280623
6.391091323630837
6.405369314104555
6.373662504153132
6.287054255417669
6.202811527353968
6.180861368811203
6.1787616095865046
6.176652022269131
6.153354298921874
6.035405041678713
5.801514318163812
5.504911175381457
5.135360152578954
4.681875298199028
4.15672114770264
3.814644518881688
3.7390405482419258
3.7320240010902936
3.7250096389834093
3.649995756672042
3.326381597575646
2.859765634591989
2.4547170554454554
2.108148641974122
1.8127877708639162
1.5622410916200173
1.4240164332685181
1.3948449316060294
1.3921661532328198
1.3894932163808975
1.3611327879164503
1.2420125419342198
1.0765075218673128
0.9351091657115163
0.8138222865197045
0.7094485108381726
0.6192041554277457
0.5684822469655036
0.5577278329899098
0.5567383235581929
0.5557506739227622
0.5452431911408644
0.5006734355606363
0.437298381829441
0.38156968872955976
0.33214330586583624
0.2881025676952559
0.2485877543628472
0.22560626501751618
0.22064908455258248
0.22019132464997293
0.21973413403711217
0.2148549592871532
0.193798838070536
0.1626768492279438
0.1338575360690753
0.10688163795176928
0.08134591839161055
0.05689248685685183
0.041858774249775924
0.03852746116980666
0.038218109429657546
