133
0.03143533291589099
0.031689735772092165
0.03442910608385201
0.04679326676611399
0.06688913964214273
0.08786479191818322
0.11000000546772366
0.13364507343673013
0.1591266085494996
0.1763425971527147
0.180329585311114
0.18070308454359918
0.18107703331358996
0.1851255738151248
0.20390467004148755
0.23615779037892426
0.2720846617484715
0.3122670300085279
0.3576406999728521
0.4092456856142089
0.4453515219369509
0.45383184045563896
0.45463444412290005
0.4554385654612196
0.46417403706277705
0.5052694950366172
0.5782661185494665
0.6628138686413031
0.7608137044875933
0.8750855592631941
1.0087193349533203
1.104815544717387
1.127706958348675
1.129861080614679
1.1320193384818398
1.1554787214944935
1.267303850904111
1.4696713436342255
1.7080830602949078
1.9893037812283823
2.318498347677678
2.701254585874402
2.9698496443913536
3.0324623945924016
3.0383323960644217
3.0442098518792045
3.107804544708168
3.3980815290563937
3.847870327872461
4.232097585031012
4.550559020853565
4.82043721049968
5.053986581707711
5.186927476950688
5.215374306285538
5.217995131485496
5.220611805544827
5.2484826949378585
5.367780589540995
5.541528109916114
5.700825614128672
5.848056707046586
5.9834714439544845
6.106597353543174
6.177307422428166
6.192248192793819
6.193623788648543
6.194993516806046
6.20954651392688
6.2702036886957835
6.34932229227987
6.40203744152263
6.41988058637339
6.391049075858125
6.304774301866476
6.220515541280926
6.198535674226634
6.196434021615712
6.194322798637822
6.171031142258474
6.053577793908155
5.821495901599741
5.528089611742233
5.162623095432814
4.706012831349714
4.161373464870181
3.8074435960863426
3.7297682245701465
3.722581438276913
3.7154021244285196
3.6387406896451338
3.309801458301556
2.8405826610797895
2.4361624034530314
2.0914438414430205
1.7983946133706148
1.5498629758120819
1.4124645942859253
1.3835686102845965
1.3809292511139073
1.3782955539165904
1.35033370610317
1.2326368219737485
1.0686476123146356
0.9284408925650216
0.8082814916426414
0.7048285765422817
0.6152927447521352
0.5649851497916965
0.5543232325944959
0.5533418958833414
0.5523623228656201
0.5419116717359751
0.4976952001667522
0.43481604707970506
0.3794318844425784
0.3303707871758905
0.28661144115109505
0.24735769923734496
0.22449971569709348
0.21956502473091427
0.21910944953421843
0.21865446341957756
0.2138003435709155
0.19286811058624098
0.16193110064928323
0.1332489041536606
0.10640317874462467
0.08099577174412464
0.056643781408047815
0.04167689284965051
0.038360335183874696
0.03805235125255952
