133
0.031588065004013004
0.031843708194857975
0.03459649448487888
0.04701935128267994
0.0672172881719676
0.08830012271034932
0.11056562288709937
0.13433898454671445
0.15996498334733117
0.1772983530734281
0.1813133609112018
0.1816893988555275
0.1820658998613665
0.18614270749630668
0.20504586672589614
0.23752391760417274
0.27367692683583655
0.3141947848511181
0.35993490376819237
0.4118453399321972
0.4483354357950642
0.45693406448441837
0.4577422775582952
0.4585519334535623
0.4673479487884169
0.5088435651577273
0.5828124890335491
0.6678724948710422
0.7668636904085159
0.8822209988057426
1.0172346710530864
1.1142082817746046
1.137305744465404
1.1394816110739203
1.1416621634884958
1.1653965707613079
1.2782495240398801
1.482463185650265
1.7228048409380494
2.0050708476684767
2.334810454246987
2.714417358458168
2.978315145169218
3.0393181066296036
3.045018426181034
3.05072259219681
3.112530152812117
3.393132651210597
3.8270541878342907
4.209936660461308
4.532683502663007
4.806843788653623
5.043734713966112
5.178123511695512
5.2068177432710065
5.2094639229165445
5.212106142534356
5.240262723276456
5.360786474155567
5.536130703399517
5.696155198082167
5.843494952195184
5.978836592522916
6.1014447750826255
6.1714287477230325
6.1862211513158165
6.187580198507465
6.188936302460577
6.203324695384104
6.263026878447835
6.340216242058466
6.390410148890281
6.404761004884427
6.373078523120852
6.286068015737976
6.2014975026418435
6.179466986090396
6.17735981841762
6.175242838738347
6.151867996896051
6.03358680897348
5.798992326473634
5.501791285458739
5.131643717888208
4.6779534977475965
4.153330764102254
3.8118248721705705
3.736497406615832
3.729521410774013
3.722549418501638
3.6479214073908905
3.3254814069640286
2.860184607656967
2.4556655891626855
2.1092548474315223
1.8141035623185622
1.563512821735084
1.4249307910129057
1.395774808977339
1.393097563017756
1.3904261871432801
1.3620740089749448
1.242933957795589
1.0773950729902115
0.9359097926831853
0.8145004279834569
0.7099854634824959
0.6196912480061507
0.5689067819289769
0.558145033773994
0.5571542738161481
0.5561653025477555
0.5456460336658999
0.5010646725785254
0.43760306806282767
0.3817972331924883
0.33234845189243767
0.28828487060296026
0.24874412040422106
0.2257396416955451
0.22078165667197064
0.2203236632515138
0.21986620333590606
0.21498288457123524
0.19390859836949215
0.16277190194963276
0.1339309679632838
0.10693722457381959
0.08138761909612968
0.0569223140938997
0.041881291891793467
0.0385479566899075
0.03823841085890204
