133 
44.25154619358415 -75.96548979568998 249.99999999999807 
44.25154619358415 -75.96548979568998 251.99999999999807 
44.25154619358415 -75.96548979568998 273.49999999999807 
44.25154619358415 -75.96548979568998 369.58333333333144 
44.25154619358415 -75.96548979568998 521.7499999999982 
44.25154619358415 -75.96548979568998 673.9166666666649 
44.25154619358415 -75.96548979568998 826.0833333333317 
44.25154619358415 -75.96548979568998 978.2499999999984 
44.25154619358415 -75.96548979568998 1130.4166666666652 
44.25154619358415 -75.96548979568998 1226.4999999999984 
44.25154619358415 -75.96548979568998 1247.9999999999984 
44.25154619358415 -75.96548979568998 1249.9999999999984 
44.25154619358415 -75.96548979568998 1251.9999999999984 
44.25154619358415 -75.96548979568998 1273.4999999999984 
44.25154619358415 -75.96548979568998 1369.5833333333317 
44.25154619358415 -75.96548979568998 1521.7499999999982 
44.25154619358415 -75.96548979568998 1673.9166666666647 
44.25154619358415 -75.96548979568998 1826.0833333333312 
44.25154619358415 -75.96548979568998 1978.2499999999977 
44.25154619358415 -75.96548979568998 2130.4166666666642 
44.25154619358415 -75.96548979568998 2226.4999999999977 
44.25154619358415 -75.96548979568998 2247.9999999999977 
44.25154619358415 -75.96548979568998 2249.9999999999977 
44.25154619358415 -75.96548979568998 2251.9999999999977 
44.25154619358415 -75.96548979568998 2273.4999999999977 
44.25154619358415 -75.96548979568998 2369.583333333331 
44.25154619358415 -75.96548979568998 2521.7499999999977 
44.25154619358415 -75.96548979568998 2673.9166666666642 
44.25154619358415 -75.96548979568998 2826.0833333333308 
44.25154619358415 -75.96548979568998 2978.2499999999973 
44.25154619358415 -75.96548979568998 3130.416666666664 
44.25154619358415 -75.96548979568998 3226.4999999999973 
44.25154619358415 -75.96548979568998 3247.9999999999973 
44.25154619358415 -75.96548979568998 3249.9999999999973 
44.25154619358415 -75.96548979568998 3251.9999999999973 
44.25154619358415 -75.96548979568998 3273.4999999999973 
44.25154619358415 -75.96548979568998 3369.5833333333303 
44.25154619358415 -75.96548979568998 3521.7499999999973 
44.25154619358415 -75.96548979568998 3673.9166666666642 
44.25154619358415 -75.96548979568998 3826.083333333331 
44.25154619358415 -75.96548979568998 3978.249999999998 
44.25154619358415 -75.96548979568998 4130.416666666665 
44.25154619358415 -75.96548979568998 4226.499999999998 
44.25154619358415 -75.96548979568998 4247.999999999998 
44.25154619358415 -75.96548979568998 4249.999999999998 
44.25154619358415 -75.96548979568998 4251.999999999998 
44.25154619358415 -75.96548979568998 4273.499999999998 
44.25154619358415 -75.96548979568998 4369.583333333331 
44.25154619358415 -75.96548979568998 4521.749999999998 
44.25154619358415 -75.96548979568998 4673.916666666665 
44.25154619358415 -75.96548979568998 4826.083333333332 
44.25154619358415 -75.96548979568998 4978.249999999999 
44.25154619358415 -75.96548979568998 5130.416666666666 
44.25154619358415 -75.96548979568998 5226.499999999999 
44.25154619358415 -75.96548979568998 5247.999999999999 
44.25154619358415 -75.96548979568998 5249.999999999999 
44.25154619358415 -75.96548979568998 5251.999999999999 
44.25154619358415 -75.96548979568998 5273.499999999999 
44.25154619358415 -75.96548979568998 5369.583333333332 
44.25154619358415 -75.96548979568998 5521.749999999999 
44.25154619358415 -75.96548979568998 5673.916666666666 
44.25154619358415 -75.96548979568998 5826.083333333333 
44.25154619358415 -75.96548979568998 5978.25 
44.25154619358415 -75.96548979568998 6130.416666666667 
44.25154619358415 -75.96548979568998 6226.5 
44.25154619358415 -75.96548979568998 6248.0 
44.25154619358415 -75.96548979568998 6250.0 
44.25154619358415 -75.96548979568998 6252.0 
44.25154619358415 -75.96548979568998 6273.5 
44.25154619358415 -75.96548979568998 6369.583333333333 
44.25154619358415 -75.96548979568998 6521.75 
44.25154619358415 -75.96548979568998 6673.916666666667 
44.25154619358415 -75.96548979568998 6826.083333333334 
44.25154619358415 -75.96548979568998 6978.250000000001 
44.25154619358415 -75.96548979568998 7130.416666666668 
44.25154619358415 -75.96548979568998 7226.500000000001 
44.25154619358415 -75.96548979568998 7248.000000000001 
44.25154619358415 -75.96548979568998 7250.000000000001 
44.25154619358415 -75.96548979568998 7252.000000000001 
44.25154619358415 -75.96548979568998 7273.500000000001 
44.25154619358415 -75.96548979568998 7369.583333333334 
44.25154619358415 -75.96548979568998 7521.75 
44.25154619358415 -75.96548979568998 7673.916666666666 
44.25154619358415 -75.96548979568998 7826.083333333332 
44.25154619358415 -75.96548979568998 7978.249999999998 
44.25154619358415 -75.96548979568998 8130.416666666664 
44.25154619358415 -75.96548979568998 8226.499999999998 
44.25154619358415 -75.96548979568998 8247.999999999998 
44.25154619358415 -75.96548979568998 8249.999999999998 
44.25154619358415 -75.96548979568998 8251.999999999998 
44.25154619358415 -75.96548979568998 8273.499999999998 
44.25154619358415 -75.96548979568998 8369.583333333332 
44.25154619358415 -75.96548979568998 8521.749999999998 
44.25154619358415 -75.96548979568998 8673.916666666664 
44.25154619358415 -75.96548979568998 8826.08333333333 
44.25154619358415 -75.96548979568998 8978.249999999996 
44.25154619358415 -75.96548979568998 9130.416666666662 
44.25154619358415 -75.96548979568998 9226.499999999996 
44.25154619358415 -75.96548979568998 9247.999999999996 
44.25154619358415 -75.96548979568998 9249.999999999996 
44.25154619358415 -75.96548979568998 9251.999999999996 
44.25154619358415 -75.96548979568998 9273.499999999996 
44.25154619358415 -75.96548979568998 9369.58333333333 
44.25154619358415 -75.96548979568998 9521.749999999996 
44.25154619358415 -75.96548979568998 9673.916666666662 
44.25154619358415 -75.96548979568998 9826.083333333328 
44.25154619358415 -75.96548979568998 9978.249999999995 
44.25154619358415 -75.96548979568998 10130.41666666666 
44.25154619358415 -75.96548979568998 10226.499999999995 
44.25154619358415 -75.96548979568998 10247.999999999995 
44.25154619358415 -75.96548979568998 10249.999999999995 
44.25154619358415 -75.96548979568998 10251.999999999995 
44.25154619358415 -75.96548979568998 10273.499999999995 
44.25154619358415 -75.96548979568998 10369.583333333328 
44.25154619358415 -75.96548979568998 10521.749999999995 
44.25154619358415 -75.96548979568998 10673.91666666666 
44.25154619358415 -75.96548979568998 10826.083333333327 
44.25154619358415 -75.96548979568998 10978.249999999993 
44.25154619358415 -75.96548979568998 11130.416666666659 
44.25154619358415 -75.96548979568998 11226.499999999993 
44.25154619358415 -75.96548979568998 11247.999999999993 
44.25154619358415 -75.96548979568998 11249.999999999993 
44.25154619358415 -75.96548979568998 11251.999999999993 
44.25154619358415 -75.96548979568998 11273.499999999993 
44.25154619358415 -75.96548979568998 11369.583333333327 
44.25154619358415 -75.96548979568998 11521.749999999993 
44.25154619358415 -75.96548979568998 11673.916666666659 
44.25154619358415 -75.96548979568998 11826.083333333325 
44.25154619358415 -75.96548979568998 11978.24999999999 
44.25154619358415 -75.96548979568998 12130.416666666657 
44.25154619358415 -75.96548979568998 12226.49999999999 
44.25154619358415 -75.96548979568998 12247.99999999999 
44.25154619358415 -75.96548979568998 12249.99999999999 
