133
0.038261252800398125
0.03857095932372235
0.041905910260446134
0.056956932941826785
0.08143764758882394
0.10700804071390951
0.1340290251414137
0.1629067057604366
0.19406579586205916
0.21515668040355587
0.2200453907030714
0.22050311482819848
0.22096140785938262
0.22592422408442805
0.24894322553621503
0.28853210753459707
0.3326442926793321
0.38212082707141953
0.438040752368082
0.5015752839633546
0.5462479366872407
0.5567765901383962
0.5577664841450702
0.5587581849204426
0.5695345052290556
0.620387875363876
0.7109958054134509
0.8155271597153433
0.9371218365694786
1.078864839737095
1.2448561532329596
1.3641118016277256
1.3925199475330872
1.395196448308769
1.3978787796025747
1.4270825826435796
1.5659636626875222
1.817144439169023
2.1128167259140644
2.460000832088466
2.8651879294200633
3.330259058464884
3.6518271982385455
3.7260531390262877
3.733026130391358
3.740002216126365
3.8151996801361214
4.154267371843143
4.673608804700191
5.1270386580792815
5.498144561772163
5.796212919284572
6.031035674332858
6.1491286323019985
6.1724576062588
6.174569709079571
6.1766720172062275
6.198652999396538
6.283021469470018
6.369826314448639
6.402537163618044
6.388898110635267
6.3394531687540905
6.262674098885103
6.203034493943615
6.1886845133767805
6.187331451942408
6.185975341067596
6.171207294871816
6.10124830307201
5.9786918274200564
5.843233472613545
5.695709754725418
5.535298267637587
5.359537405936234
5.238762814912228
5.210563326989733
5.207916898668049
5.20526644182473
5.176514285919803
5.041735611392365
4.804217759106451
4.5292816206917195
4.205783356632147
3.8240550952000643
3.3941404293225856
3.1160203753408204
3.054537849117705
3.0488594443958545
3.0431870638319625
2.9826349305107844
2.719865871317597
2.340047592012503
2.0096647788153574
1.726706164131985
1.4857197872718688
1.2811259142153957
1.1678918223673074
1.1441183886068924
1.1419348740149884
1.1397560209466515
1.1166165906493675
1.0193802303507247
0.8840760958445305
0.768427488770461
0.6691893423409259
0.5836883562340888
0.5098058699720045
0.46820154267241837
0.4593840136625096
0.458572390311252
0.45776222584778004
0.44914423497280676
0.4125910027638424
0.3605551347918656
0.3147254228363521
0.2741316900577382
0.23791590959735884
0.20537497780383324
0.1864284786874941
0.1823454031716302
0.1819683110404014
0.18159167368371654
0.17757454772840636
0.16020504033464822
0.13452550165157928
0.11072688903695098
0.08843208891268758
0.06731793313335926
0.04709018880234538
0.03464925480404173
0.03189222389016294
0.031636179826008394
