133
0.03820997388339833
0.03851924809785371
0.041849630935036505
0.056882426734517294
0.08132215126198875
0.10686582970682668
0.1338452382680046
0.16267644540511217
0.1937948901712086
0.21484933668304376
0.2197262368631808
0.22018332376307853
0.22064098776609864
0.22559728487079833
0.2485733226189088
0.2880900654205457
0.33210552852483943
0.38148566897774866
0.43729745018617483
0.5006909555137047
0.5452430590262907
0.5557507684698672
0.5567383387446576
0.5577276869776647
0.568477232843144
0.6191820636136885
0.7095928680122134
0.8138431233846736
0.9352340568465807
1.076476172822832
1.241936078300769
1.3608164971768912
1.389148178323359
1.3918169453323397
1.3944914221743525
1.4236055552696183
1.5621519379893796
1.8124046760831636
2.1073652898800064
2.453547625121034
2.8579275751064843
3.3231724999604655
3.645975854437333
3.720748450917966
3.7277407007147354
3.7347399619902504
3.8102790697287334
4.152678063147544
4.67839099800646
5.1336402446675145
5.504390300270671
5.801901325675042
6.036555206373385
6.154836194645318
6.178193521467458
6.180313266406829
6.182423921403166
6.204473366940028
6.2889785329949275
6.375811197730435
6.407385631964718
6.392581891007003
6.342137524387269
6.26465109607259
6.204734806647373
6.190325214070264
6.188966552199547
6.187604903723432
6.172781398535824
6.102627423507512
5.979853139148303
5.844239306086689
5.696732471590709
5.536648463232158
5.361303612624745
5.240825002327577
5.212700913852446
5.21006141542771
5.207418877502769
5.178744305976176
5.0442641464804225
4.8074608433162345
4.533353753026053
4.210436815970594
3.8272421036514004
3.392692786925519
3.111968709664671
3.0501429786467193
3.0444219245285646
3.038706260516855
2.9777146222199713
2.71384789698016
2.3341515880759047
2.0044908988078536
1.7222690413353425
1.4819373286717985
1.2780984580781376
1.1651742131487348
1.14146042906289
1.1392849190020364
1.1371142005912818
1.1140623030452343
1.0171385463655547
0.8821806880801973
0.7668225817100065
0.6679168115701446
0.5825899015649031
0.5088396043019551
0.46736804278268745
0.4585671412290721
0.45775729536376797
0.4569489376939354
0.44835182818433833
0.4118639713619977
0.35993356874965143
0.3141996919343941
0.2736990950488584
0.23756363668192398
0.20506859832505536
0.18615554619569682
0.1820821534683158
0.18170708003759833
0.18133246578469847
0.1773308804830817
0.15998265968611253
0.1343418841178869
0.11058117241076047
0.088361474509248
0.0672327983782185
0.04703034971759292
0.03460501712575458
0.03185190438565204
0.03159620610963045
