133
0.03811927198410872
0.03842781215177041
0.04175006774742095
0.05674294970644217
0.08113089199666008
0.10659779740953688
0.1335022372031393
0.16224144637221935
0.19326236725433096
0.21425275589773082
0.21910865685188788
0.21956373545207178
0.220019389776235
0.2249550031660751
0.24785760242727534
0.2872433806923125
0.33110247318160446
0.3803101159972744
0.435860521528624
0.49896616849189823
0.543377573357986
0.5538436663080994
0.5548269181087503
0.5558118688592852
0.5665073865528248
0.6170100715862545
0.7062746133130169
0.810669683514899
0.9313271539522631
1.0720088228073767
1.2365883544392418
1.3548833372971407
1.3830418728080776
1.3856944704859537
1.3883527364584745
1.4172898085321948
1.5548654748818882
1.8041364053084243
2.0976078740600212
2.4415025523805745
2.8457223005361456
3.312043556216214
3.6377288779757504
3.7133801289398063
3.720469803225063
3.7275731135944348
3.804344072877102
4.154724770059431
4.696034467346668
5.151671155482944
5.519112478869539
5.814332724197163
6.048123102125822
6.166398932120244
6.189782955406661
6.191898947675827
6.1940085205101285
6.216130238973995
6.301044427554214
6.387875593498225
6.4170843606313195
6.3997673580390835
6.347442625031323
6.268697701611613
6.208222221729698
6.193694763224916
6.192324342982306
6.190951133965974
6.176018041090027
6.105488432460285
5.982274715741714
5.846611237507927
5.699192169506423
5.539624338868238
5.365183884876232
5.2453096536654575
5.217301449371519
5.214673649459476
5.2120420041447115
5.183504280029738
5.049930788983239
4.814780899569628
4.54311541291371
4.223387682666932
3.8400804503682133
3.394000008755241
3.106880825553722
3.044163063133794
3.038367867619877
3.0325778979312807
2.97068603981518
2.704364475938457
2.3240269789083774
1.995288585097306
1.714200889588632
1.4752647152601928
1.2721463026241744
1.159957207489909
1.1363000508076369
1.134125975571504
1.1319563802365833
1.108984852991391
1.012811827183072
0.8784577733046038
0.7636906838540412
0.66519113447673
0.5804019832293915
0.5069962002017273
0.46571794572690633
0.45696019935591803
0.4561541091496832
0.45534944403932376
0.44678953744496525
0.4103981349967959
0.35878857201021164
0.3131815246035148
0.272888712679608
0.23686738826594797
0.2044911438522021
0.18564977873984512
0.18158544627579581
0.18121033959773386
0.1808357020258197
0.1768379426970916
0.1595546151900881
0.1339962941523764
0.11029774406992088
0.08809427625635632
0.06706821409283312
0.04691550037180247
0.03452198633913165
0.031775131530881885
0.03152001940239757
