133
0.03822329393430334
0.038532692122752475
0.04186415277402895
0.05690049690041144
0.08135490654561377
0.10690066070001869
0.13389062140464017
0.162733797651526
0.19385645219523973
0.21491875919148418
0.21980048643342284
0.22025818552725968
0.22071647640794506
0.22567483079305284
0.2486529996983804
0.2881914480862187
0.3322372092375692
0.3816475810823097
0.43747766584502745
0.5009103520969155
0.5454957539223921
0.5560181813673302
0.5570073671031377
0.5579983407637519
0.5687620029359437
0.6195042252098804
0.7101159435477288
0.8143052358303502
0.9355862022826069
1.0770176863593726
1.2426330089699897
1.3615999213638028
1.3899339971977276
1.3926034808093577
1.3952784573354564
1.4243878311041935
1.5629141617920466
1.8133850644480622
2.108275371865919
2.4545001408719074
2.8587254464701224
3.3235406553914326
3.6459091761117652
3.720556036087433
3.7275281331547667
3.7345070355783543
3.809843389446772
4.151978985462759
4.677135462985693
5.132380738678373
5.5030787131974295
5.800804528375026
6.03551378487757
6.153866901048925
6.177275682602989
6.179394602849428
6.181503607526491
6.203585094656026
6.288301550123726
6.37528911571936
6.406872912604757
6.392098135228924
6.341738099732004
6.264311169036916
6.204405519756325
6.189990347775451
6.188632288466792
6.187271279015658
6.1724571672080515
6.102354332003337
5.979554595462052
5.84399721874018
5.696541724783113
5.536364339550395
5.360938740910853
5.240380795201234
5.212231772238555
5.209589675515648
5.206943507208681
5.178236318290054
5.043708023268009
4.806695979305939
4.532446461896472
4.20946635161979
3.826458775540246
3.392345154029482
3.111993636030671
3.050232924894065
3.044554439647263
3.0388781584006166
2.977834429702102
2.714307732422454
2.3347616407327054
2.005164629173713
1.7231624934551344
1.4827218515608107
1.2785395266592299
1.1657284620859643
1.1420038898799156
1.13982378312155
1.1376484407577572
1.1145820449415074
1.0175978921328865
0.8825741836761171
0.7675561248854224
0.6681830900359069
0.5828440720305049
0.5090551144324479
0.4675433139385547
0.45874177349653766
0.45793202929128
0.4571237588182511
0.4485232087162565
0.41202895136572704
0.3600832287301221
0.3143389015582461
0.2738017818252323
0.23764263765742147
0.2051422907790871
0.18622575431581323
0.1821524589778533
0.18177617689208717
0.1814003589550643
0.17738828129851097
0.1600336194161916
0.13438685278016366
0.11061558388754889
0.08834633058840702
0.06725173141793309
0.04704381647788645
0.034615518118404076
0.03186101667582723
0.03160521751892771
