133
0.03811062193991554
0.03841910197622296
0.041741244697107854
0.05673147325923267
0.08111208993195781
0.1065708323779055
0.1334751066130198
0.16220925382971396
0.1932279273115432
0.21420343069553593
0.21906327776373893
0.2195185204437369
0.2199743594116113
0.22491191423990609
0.2478042604336087
0.28718027301234533
0.3310272751074579
0.3802137662278949
0.4357332438270858
0.4988635977977479
0.5431891105058431
0.5536345328907588
0.5546192291626001
0.555605850873665
0.5663300737978365
0.6168045621913241
0.7060809202299052
0.810424312884571
0.9309605357201618
1.0715717697041944
1.2359934596035858
1.3542417777255806
1.382358422648162
1.3850059883364114
1.387659119945543
1.4165390229062111
1.5540126060059314
1.8030173964487637
2.095972500016865
2.440331248475476
2.8428973825582315
3.308314483507708
3.633504284770697
3.709250983419961
3.716334606545036
3.723424789163148
3.8001024071450464
4.150773218423548
4.693494003389802
5.150893782884278
5.5190126007506
5.814789379585132
6.048741508037846
6.167246163676257
6.190684227849582
6.192811978684843
6.194929967487091
6.217090270927622
6.3023109926236005
6.389167772853295
6.418232543256203
6.400594189192467
6.348039480767928
6.269032089356212
6.208447303062319
6.193886964619959
6.192515954860328
6.191142584303083
6.176199790930018
6.105635055450329
5.982327229523411
5.846678520288763
5.699180716651121
5.539724405453197
5.365309660141172
5.245434164093609
5.217449819601192
5.214822480372189
5.212191002403054
5.183627995990626
5.05009740798153
4.814758038606571
4.542888342050072
4.222540205162086
3.838185590736127
3.390796299084606
3.103434010711525
3.0406638481561057
3.0348885534089387
3.029120240538136
2.9673991899178884
2.7016295181142564
2.3217928734169146
1.9936683610054167
1.712952043668404
1.4743060695226988
1.271859947861696
1.1594628420024582
1.135899178326378
1.1337360263772371
1.1315778742551938
1.1086555355188117
1.0121941329523148
0.8781503725795379
0.7632373694522966
0.6650316478186136
0.5802001563548604
0.5068342891332506
0.46559190532183004
0.45683898843668713
0.45603320275305037
0.4552288602271468
0.44667214472619565
0.4103515691399564
0.35872577701784386
0.3131572404338865
0.2728182084499607
0.23682141852635813
0.20445018662382017
0.1856149074654028
0.18154912728979042
0.18117330575335858
0.18079787349036408
0.17678538968714858
0.1595521577950904
0.13396923740482916
0.11027816545092327
0.08809031937577784
0.06705408261035167
0.04690719338767377
0.03451535694388866
0.031769071887311595
0.03151403124417578
