133
0.03805957664313046
0.03836772953212661
0.041685735489549555
0.0566561590063587
0.08099845254022928
0.10644096796684414
0.13328788395286417
0.16201456783612578
0.19295862706257239
0.21393897711688523
0.21882020136138908
0.21927499988030602
0.21973038105114487
0.22466124953928285
0.24745557234193113
0.28674548104773406
0.33048537237249787
0.379596758803074
0.43502910633742553
0.4980097974867003
0.5422897249658866
0.5527098182977404
0.5536886515570932
0.5546691513089763
0.5653174399715374
0.6156421060160492
0.7054292815460146
0.8087885483240389
0.9292624449927029
1.0692319483955577
1.2332402543394698
1.3513174651074624
1.3795262891718623
1.3821832131329677
1.3848457277754467
1.4138207819609732
1.550878068153928
1.7988852686533987
2.09118787902786
2.4352016656273054
2.8383448053367366
3.3046155861449833
3.631453248156393
3.70764868783508
3.714784914724058
3.72192941678305
3.799161449033057
4.152001362710526
4.697399424010628
5.156704921355575
5.524600835048941
5.819714036317016
6.053052103026428
6.171329170882
6.194779012080408
6.1969011856081675
6.199013664734951
6.2211071363428125
6.30616593717292
6.39280065382189
6.421403699318673
6.403077700732922
6.349914832934422
6.270554623516443
6.20986653859684
6.195322930644888
6.193951195519263
6.1925761456341455
6.1776298269903265
6.106796209712201
5.98341617056877
5.847560179805756
5.700443085805359
5.540874449021725
5.366824850298668
5.247190161620414
5.21928949270535
5.216672649404545
5.214052061687869
5.18554956431381
5.05225571398862
4.8178315790011705
4.546807859388216
4.22675107270878
3.840980384516988
3.3916124669103476
3.1024929999544715
3.039277807083665
3.0334355620438433
3.027599752899256
2.965375472363335
2.6988341431158136
2.31813886242544
1.9902229440912722
1.7092968381038465
1.4709050411447364
1.268995299749574
1.1568924403629048
1.1334182210326764
1.1312477112293418
1.1290819713178122
1.1061499279966376
1.0101143626612863
0.876435163104146
0.7619337227134461
0.6638078237819871
0.5791800106467812
0.5059616071718396
0.46484677954813836
0.4560937002526933
0.45528849870325716
0.4544848215653112
0.44593898021130396
0.4097208014959254
0.3580492471152574
0.3126344114175558
0.2724085121827756
0.23647586174551807
0.20414264039117078
0.18534397787303614
0.18128497878108765
0.1809099882884704
0.18053545121776118
0.17653616117237197
0.15928819839296854
0.13378096971233083
0.11013095542053837
0.08796085001130607
0.06697240643366667
0.04684769894321008
0.03447245572659271
0.03172936980785879
0.03147455166888815
