133
0.038222854178295594
0.038532252753501584
0.041863863946737134
0.056898610673221224
0.08135087886753051
0.10689777648871537
0.13388687178650294
0.16272882969066188
0.19385839908882674
0.2149204359426578
0.21979628912628124
0.22025347054943004
0.22071126853000703
0.22566896812098558
0.24866127670945665
0.28819520577902974
0.33224063005140464
0.3816465774516278
0.4374782179999137
0.5009517243659167
0.545475004228041
0.5559868658198244
0.5569749178112652
0.5579647302895524
0.5687184700489998
0.6195845380143125
0.7098907197942319
0.8143800451390435
0.9356157577377018
1.077136347589537
1.2427465277277512
1.3617733637386227
1.3901236939545805
1.3927941358225824
1.3954703990866828
1.4246148649932655
1.5632826365913615
1.8139528462908354
2.1092729219487047
2.456193249495422
2.861190347889062
3.3273618080486815
3.6505665363454756
3.725223831290865
3.7322124648709756
3.7392072823801734
3.814796166623118
4.156710979067116
4.681115209000671
5.134050750980957
5.503926424314025
5.8010262023432
6.03533661190861
6.153265435861707
6.176552162032938
6.178662058546057
6.180762148231319
6.2026851884569165
6.286968128380736
6.373602256304505
6.405607241961043
6.391363391705049
6.341348775255637
6.2641625220208885
6.2043453103064135
6.189952238391572
6.188595507607859
6.187235776736532
6.172431476525544
6.102343737095411
5.979691671653412
5.844202698795876
5.69666676325126
5.536474599805122
5.361016508252711
5.240502014708593
5.212361525916862
5.209720648578417
5.20707576219719
5.178377781618197
5.043947653267237
4.807160617134564
4.5332153822831796
4.210924858781723
3.8290770418217477
3.3959297682928002
3.1153629967683676
3.0535750650280367
3.0478543541341723
3.042138039720296
2.9810372074391203
2.717104799787821
2.336804603341157
2.0065017520602204
1.723862455978662
1.4831383404580256
1.2789417223958977
1.1659105239200134
1.142199137223944
1.1400208537566023
1.1378471826554488
1.1147673725064133
1.0176771382300527
0.8826411284981456
0.767182674373916
0.6681853336840947
0.5828665014971748
0.5090799004275157
0.4675739511232116
0.45877255033167474
0.45796239500048264
0.4571536844207603
0.4485506589160695
0.41204049325301817
0.3600821156548738
0.3143788793990189
0.2738195623253682
0.23765354551116497
0.2051388531997147
0.18622464700441355
0.1821450482505738
0.18176822764642261
0.18139185458486684
0.17737337372473913
0.1600390760211593
0.13438425163382636
0.11061254334357501
0.08834627296507568
0.06725089672101667
0.0470443265345072
0.034615736761847336
0.031861467514707226
0.031605673365875754
