133
0.03810890605621651
0.038417481801887
0.041739722770418174
0.056727934629419774
0.08111017248716088
0.10656043479691865
0.13347579139611118
0.16220673658133145
0.1932081593731922
0.21419716343398024
0.2190601739558612
0.21951561357282243
0.21997161695558526
0.22490572591181623
0.24781901244873833
0.28718129520401636
0.33102996161619525
0.38024774267484734
0.43573264779565507
0.4987660836935612
0.5431517727103865
0.5535963857529514
0.5545770093838855
0.5555593069644511
0.5662495454385394
0.6166927868153996
0.7064873772745327
0.8104730920378388
0.9308420694760158
1.0717373298339066
1.236228954274322
1.354563731821872
1.382686974980839
1.3853329295635683
1.3879842494894126
1.4168368428312696
1.5547956176821036
1.8040370846784537
2.0977313177817125
2.4435875131301756
2.847559201665603
3.315673501972548
3.642669961360031
3.7187524867010615
3.725871891645441
3.7329981322272507
3.8100287393316807
4.160814986012383
4.700480138120708
5.154711834412385
5.520971654473384
5.815448233889556
6.048351765518062
6.166110361599725
6.189437842393432
6.191548099645659
6.19364822263323
6.215609129742246
6.299952057649347
6.386073916789954
6.41595509152434
6.399309938120404
6.347392173111072
6.2688437237288595
6.2083892323939605
6.19387846186487
6.19251102883554
6.191140628004646
6.176223324512202
6.1057742717596275
5.982661018780946
5.847005630066738
5.699523672585132
5.539970478510562
5.365482645956845
5.245616715719
5.217643416620435
5.21502030230849
5.212393481629575
5.183897703868338
5.050506708961355
4.815803644840925
4.544649458759696
4.22586679886246
3.8438741511166103
3.398572158765129
3.1111510939426785
3.048225707082102
3.042403062011218
3.036585607244884
2.974365458016046
2.7072160768422475
2.3257403053112577
1.9958270304258967
1.7139116839785176
1.4750503664320536
1.2719723949213546
1.1598223893969184
1.136211974127274
1.1340439817570525
1.1318807532206723
1.1089209429083378
1.0124433002637452
0.8782404536309549
0.7635133563955327
0.6651175120466417
0.5802506809310538
0.5069074654970458
0.46563365307364313
0.45687146551812846
0.4560647863348853
0.45525958155243224
0.4467062219105702
0.41036371253731574
0.35866821515133274
0.313063712023727
0.27277957533162756
0.23682923959711438
0.20445753556763588
0.1855988443802734
0.18154013280754994
0.18116523677072482
0.18079058141190046
0.1767874059818829
0.15950524861637935
0.13395436530933813
0.1102677628554054
0.0880708181069429
0.06706136140692023
0.046906487825811534
0.034513481948572004
0.0317679987634328
0.03151293829708723
