133
0.038224765048668424
0.038534195087841276
0.041865930498103415
0.056900513691034396
0.08135953042357653
0.10690141285644551
0.1338944762272415
0.1627336523838849
0.19386154276356116
0.21492320435659854
0.2198018632499203
0.2202590244840028
0.2207167556213338
0.22567357319822479
0.2486699441173563
0.2882049762265663
0.3322517473181183
0.3816618912917447
0.437483881492106
0.5009128469788071
0.5455177004400978
0.5560312885680212
0.5570197675572202
0.5580100216950306
0.5687685747486805
0.6195410123071696
0.7099018985628933
0.8143128425933607
0.9356875714084286
1.0771818420818922
1.242867702364144
1.3619244721627102
1.390263302487133
1.3929330889881408
1.3956086664969778
1.4247661933863478
1.5634372809449288
1.8143021175961536
2.109666175734615
2.4567984394222435
2.862226569353184
3.328968213405884
3.652090412246004
3.72686397460185
3.7338565091255695
3.740854723425746
3.8164152081284284
4.1583295733371095
4.681662402555023
5.134511915654274
5.504197347100948
5.801045070126561
6.035065296993646
6.152900016870901
6.176166585597537
6.17827330779569
6.180370229577102
6.202293147609891
6.286348197406413
6.372877911364952
6.40509038084717
6.391025767234801
6.3412092593122695
6.264092164311706
6.204308706792422
6.189923144202758
6.188567001338756
6.187207843919094
6.172408974176987
6.102353836221999
5.979713379345058
5.8442053346101215
5.696751262913372
5.536504327858923
5.361010837282939
5.240505811643906
5.2123712422121296
5.209731015815986
5.2070867962675464
5.17840439630173
5.04402250477852
4.807302022870875
4.53347356076289
4.2112863873754804
3.829967926131056
3.3971000765670016
3.1168106125905206
3.0549453274811076
3.0492206486997446
3.043500292233153
2.982353496581858
2.7183362025407654
2.3375847376104617
2.007038438947817
1.7241105986316494
1.4834179638810496
1.2790556244227482
1.1660211549941144
1.142271204921725
1.1400886182683405
1.1379109395195928
1.1148069054525234
1.0177857355385502
0.8827073711369179
0.7672670079718211
0.6681811542757352
0.582867283552853
0.5090923758599217
0.4675794041318558
0.45877812313267324
0.4579678939881612
0.457159108319026
0.4485550839178757
0.4120532137681656
0.3601067811081374
0.3143646067068542
0.2738136604140772
0.23764873774020917
0.20514915876748965
0.186230260814573
0.18214853266580833
0.1817715837944112
0.18139509297016004
0.17738239005706669
0.16004156190417734
0.13438797758370988
0.11061679515520827
0.08834489720185915
0.06725424602769552
0.04704611327969605
0.03461686757248976
0.031862421496220504
0.03160662063739344
