133
0.038114392808828175
0.03842289408305331
0.04174458898513067
0.05673557433185944
0.08112105472716793
0.10658119395259869
0.13348760044140145
0.1622257123580633
0.19324253841755532
0.21422304043583124
0.21908546968809878
0.2195408257345492
0.21999673637089467
0.2249337175345777
0.24783292389059375
0.2872140280060035
0.33106725248371416
0.38025910822021747
0.4357859960217511
0.49892870768754904
0.5433016292059633
0.5537747581903864
0.5547587505231669
0.555744470887429
0.5664433530471378
0.6168992088260569
0.706727372919122
0.8106080987806515
0.931180758728368
1.0719584011832444
1.2365856459604891
1.3549312469338095
1.3831159161958526
1.3857711930573777
1.3884322108206812
1.417419923636919
1.55524406585306
1.8048153281800703
2.0988374527616074
2.4448565339934976
2.850120625761676
3.318934221113641
3.6462627582062472
3.722391687200416
3.7295131629558798
3.736641279102201
3.8134767615840843
4.163965859792084
4.701864209433451
5.155146957193287
5.521130317035101
5.815257289618339
6.047860294339258
6.165107585580061
6.188288490807075
6.190388839224816
6.192479586740984
6.214348399992458
6.298263811195361
6.3841446167020575
6.4144600021808005
6.398473928260556
6.346976917183886
6.268613858568248
6.20825288054903
6.19374336961028
6.192376766311996
6.191007311467793
6.176104702436252
6.1056709909867735
5.982610270802398
5.847069690414119
5.699695874271082
5.540069096801343
5.3653835753005445
5.24560587613059
5.21763690505521
5.215012577897769
5.212384375782886
5.183884193713875
5.0505246339498235
4.8159019246474575
4.544928113428371
4.2261405622296495
3.8449408625497803
3.4010515793598293
3.1139205146881643
3.050981280472531
3.045159216824074
3.039342645048394
2.977009431921978
2.7098806099003556
2.327463994553035
1.9971279543014346
1.7152066645952442
1.4757006598911633
1.2723847920279077
1.1600425068502374
1.1364419176544507
1.1342742671155164
1.13211113602071
1.1091415484613225
1.01269304160577
0.8784406464398063
0.7636513832994569
0.6651601882710885
0.5803444058048322
0.5069542858506367
0.4656763322898081
0.4569218731764134
0.45611612020577696
0.45531149909932
0.44675019041162783
0.4104193489890857
0.3587409677702126
0.3132074991820624
0.27285431397272797
0.23683946599633682
0.20446706001576676
0.18563243182623146
0.18156936996087558
0.18119353463453028
0.1808181628766109
0.17681263784888657
0.15953335511751487
0.13397747928613482
0.11028558093403923
0.08808516473244457
0.06706158866241671
0.04691089447481719
0.03451810269085777
0.03177149719710203
0.03151642855817606
