133
0.038204615785601886
0.038513904098427254
0.04184467474209613
0.05687344725780995
0.08131935139568273
0.10684872293487283
0.1338261257286462
0.16264956386906085
0.19374998303875748
0.2148015630256381
0.21967789538373644
0.22013437046142278
0.22059136425589015
0.2255426773928314
0.24852875015462422
0.2880253889406772
0.3320499928434483
0.3814097506239309
0.43718231032677835
0.5005642935976307
0.5451425387694946
0.5556550246466988
0.5566429788205295
0.5576326771016554
0.5683821857659984
0.619083219983124
0.7094072050246097
0.8136460153556369
0.9349078301784879
1.0762415764870725
1.241717850752029
1.3606485659048788
1.3889816210151513
1.391655486540585
1.3943351785146407
1.4235195653182122
1.5619540279448203
1.8125336333367632
2.107681949784231
2.455007118639559
2.8595248380637064
3.32610998991097
3.649835584569226
3.724739900891671
3.731746567175193
3.7387598785997698
3.814549051458522
4.157316606484796
4.682420267263938
5.136658744950459
5.506396797216242
5.803190487634537
6.037111486239626
6.1549717936017245
6.178284221573641
6.1803954269267045
6.182496839176993
6.204469617904303
6.288602157134503
6.375249996035148
6.407051422325402
6.392060226846253
6.342148728692019
6.264810147196474
6.204938163349184
6.190521371055711
6.189162752331704
6.187801157158477
6.172978601342319
6.102855730421256
5.98010797101104
5.844618288362131
5.697170760189962
5.537034496954215
5.3616961487392665
5.241269994932912
5.213151111532379
5.210512290927477
5.207869490153685
5.179204483677185
5.0449576911084675
4.8084983695106835
4.534959992351373
4.21276942057713
3.830638985916602
3.396322990575121
3.1155300084862882
3.053600471815278
3.047855377251721
3.042112489719918
2.980712491047112
2.71613065925297
2.3352642009051094
2.0050146140720995
1.7225997164858964
1.481962658060186
1.2778367786941778
1.1652085670818508
1.1414371312488378
1.1392541893794548
1.137076000244689
1.1139644689722932
1.01688025023137
0.8819525506795691
0.7666270573861598
0.6676525934740815
0.5824284745855626
0.5086917086128702
0.4672228962191712
0.4584277378247184
0.45761844911302185
0.45681067301502937
0.44821631500435855
0.4117502544986012
0.35986309956817353
0.31419607710276715
0.2736568850368266
0.237501032825731
0.2050297527101998
0.1861300611461388
0.18205185858677497
0.18167523853725964
0.18129908222288596
0.1772844217726078
0.15995301676910817
0.13431769318256706
0.1105589621065211
0.08830281538431708
0.06722084008264015
0.047021404584865534
0.034598734138060444
0.031845652079638874
0.0315899901271212
