133
0.03803839668889974
0.03834628480079244
0.04166165242270954
0.0566274537810673
0.0809601446761417
0.10637192963394203
0.13320627602708535
0.161893142283806
0.19283429769052898
0.21375410334743047
0.21860057763238833
0.21905462565859507
0.21950922572257536
0.22443128720598285
0.24727066055895927
0.2865274975452603
0.3302981010092787
0.37929894685127624
0.43468150432022357
0.4977255532298902
0.541864454174978
0.5522346352710839
0.5532161799501687
0.5541995913458201
0.564883407883721
0.6151597287189218
0.7045178867346336
0.808088547105865
0.9282106685114048
1.0683530555459697
1.2323151437509225
1.3502560559777206
1.378354596198627
1.3809987723417616
1.3836480336427868
1.4124449460869293
1.54972618668229
1.7981964360946603
2.090936844321044
2.4361912396888172
2.8401794235572795
3.3094963058357814
3.6384035674917268
3.7150038916608157
3.72218375783771
3.729372474209522
3.807135225564824
4.161476437064106
4.706827910231566
5.163857116882306
5.529815921869426
5.823208729593731
6.055193898814084
6.172752554537882
6.19610116939746
6.198214921876134
6.200318979609618
6.222346361099056
6.306765186184921
6.392134955630919
6.421378664069966
6.404042867756164
6.350565563205598
6.271307289230659
6.210588236645982
6.196002315278983
6.194624889937309
6.193246053572414
6.17826504898147
6.107541506872348
5.984189315891058
5.848426307108123
5.701181646932232
5.541897905398743
5.367809936049478
5.248467418563899
5.2206002888325465
5.217984884692434
5.2153655353245
5.186956564110792
5.054102911804878
4.820433678898062
4.550484197267748
4.232308826796375
3.8483061518926633
3.3989537384355892
3.1089186090049186
3.0453773011532768
3.0394997663964007
3.0336285927241304
2.970950075277576
2.7022584703111003
2.3194669785837747
1.9898243468669308
1.708961422058319
1.4702308891058056
1.267757407845313
1.155806849600675
1.132260439816277
1.1301096396487549
1.1279634454699548
1.1051768994996929
1.0092528411434134
0.875560223942096
0.7612046670025403
0.6631474136867445
0.5786718688692138
0.5055107395147926
0.46437881101589173
0.4556588451100627
0.4548561981815961
0.45405498532012784
0.44550678356517764
0.4093278372923396
0.3578437320580119
0.31245636840878754
0.2722141515434187
0.23628697089399553
0.20402803770619699
0.18522862836677245
0.18116869570881994
0.180793852261133
0.18041948893877097
0.176425223429875
0.1591946280272113
0.13370995149428733
0.11006276861775129
0.0879126994544661
0.06693532303681234
0.046818551137367576
0.03445037622582424
0.03170932910123565
0.031454782823423066
