133
0.03822566919858461
0.03853507840793653
0.04186689455910379
0.05690473088307245
0.08136260477184269
0.10690596132254182
0.133900219024948
0.1627448145463482
0.1938635447035199
0.21492761635045537
0.2198085109863748
0.22026567778157127
0.22072341327292652
0.2256802035872521
0.2486720722071372
0.28820572829640523
0.33225473839491193
0.3816682958264572
0.4375018060923973
0.5009226922280052
0.5455342024151838
0.5560498162263641
0.5570382724718431
0.5580285035178919
0.5687869197720128
0.6195555403196953
0.7101100756260099
0.8143104542718443
0.9356509785757833
1.0771266377927862
1.2427813639740732
1.3617966991801098
1.390147252889826
1.3928180346269436
1.395494577096469
1.424628162983935
1.56316501708453
1.813882915876427
2.1089536400476545
2.455417295405433
2.8599308920329625
3.3250805905556176
3.6479167824858028
3.722447621885382
3.729409660820381
3.7363759666565897
3.81184332058904
4.153758864058967
4.678527260063885
5.133027438714568
5.503356371599169
5.80080254730453
6.035279201611686
6.1534932867659125
6.176855574843781
6.178972100377656
6.181078974716082
6.2031167615554
6.287703099303374
6.374620181776605
6.406424092662872
6.391713698400338
6.3414938442165285
6.264215977511326
6.204337644821695
6.1899363999481
6.188578764246008
6.187218157964697
6.172407184409604
6.102303129274075
5.979548948333303
5.844064727306854
5.696551558587455
5.53637958051373
5.360946137782266
5.240392756255776
5.212233653181582
5.2095908390152665
5.206944004007416
5.178233492955398
5.043762304978968
4.806759191368875
4.532719544664744
4.21001341203755
3.827676025869696
3.3937460783317315
3.113390731728545
3.051676778141714
3.045963202312098
3.040253260597799
2.9791543070308646
2.7154946452607858
2.335661974975479
2.0058199985019094
1.7235183195070207
1.4830443300412102
1.2788779307886016
1.1659571825627248
1.142198008979607
1.1400162836646281
1.1378393343565745
1.1147341887183104
1.0176326268829021
0.8826762131520334
0.767279373224651
0.6682049160218523
0.5828657290398228
0.509088340727057
0.46756854603968173
0.4587674210273346
0.4579571137431752
0.45714826098944333
0.4485443109098777
0.4120688079314963
0.36011122439007515
0.31438132029748356
0.2738239982028483
0.23764960151980713
0.2051572159601137
0.1862388161947128
0.1821599696824203
0.18178315957532223
0.18140678384468376
0.1773887380506008
0.16004251032997366
0.13439525359770146
0.11061885035622063
0.08834813828021357
0.06725486120430157
0.04704574822087246
0.03461711594541256
0.03186238355412299
0.031606563103955605
